1714.818359	-0.274413
1713.839844	26.936111
1712.861328	17.278612
1711.882813	-9.441727
1710.903320	12.976588
1709.924805	106.565186
1708.945313	-8.101900
1707.965820	-19.726162
1706.985352	7.933738
1706.005859	8.727113
1705.025391	14.497556
1704.044922	-35.962650
1703.064453	16.475576
1702.083984	-46.049164
1701.103516	30.981733
1700.122070	-9.365163
1699.140625	4.175237
1698.159180	-23.792713
1697.177734	-2.794910
1696.195313	-3.744100
1695.212891	-36.402870
1694.230469	-0.586681
1693.248047	-3.814899
1692.265625	2.776035
1691.282227	-22.330015
1690.299805	-15.646458
1689.316406	20.362976
1688.333008	-2.165028
1687.348633	14.386295
1686.365234	-8.059663
1685.380859	15.868321
1684.396484	25.187447
1683.412109	46.717556
1682.426758	-17.034191
1681.441406	14.288169
1680.457031	-12.848218
1679.471680	35.545422
1678.485352	-6.163486
1677.500000	-4.021481
1676.513672	27.337299
1675.527344	39.221516
1674.541016	38.939770
1673.554688	82.445320
1672.567383	50.538906
1671.581055	98.882599
1670.593750	47.528259
1669.606445	73.962990
1668.618164	97.945442
1667.630859	41.730438
1666.642578	12.241282
1665.654297	50.743416
1664.666016	26.080093
1663.676758	25.677528
1662.688477	42.237560
1661.699219	19.937361
1660.709961	9.744367
1659.720703	23.775812
1658.730469	23.214027
1657.740234	22.612713
1656.750977	-26.509672
1655.759766	21.281040
1654.769531	42.354496
1653.779297	-16.565876
1652.788086	14.107051
1651.796875	54.411388
1650.805664	48.660690
1649.814453	13.828109
1648.822266	-21.028612
1647.830078	4.578454
1646.837891	-8.563262
1645.845703	-48.336193
1644.853516	-42.184715
1643.860352	-48.155315
1642.867188	57.024540
1641.874023	29.228952
1640.880859	-10.662176
1639.886719	38.805855
1638.893555	25.441881
1637.899414	14.472951
1636.905273	-30.308340
1635.910156	-24.412159
1634.916016	-33.014530
1633.920898	-0.622584
1632.925781	-4.439663
1631.930664	6.197039
1630.935547	7.171033
1629.939453	-52.129250
1628.943359	28.355240
1627.947266	12.420860
1626.951172	59.113846
1625.954102	9.443630
1624.958008	51.286823
1623.960938	44.958755
1622.963867	2.526305
1621.966797	-8.608889
1620.968750	11.533422
1619.970703	31.666910
1618.972656	-25.161572
1617.974609	16.613386
1616.976563	-4.124941
1615.977539	23.215471
1614.978516	36.133755
1613.979492	85.088882
1612.980469	-12.477829
1611.981445	67.703079
1610.981445	56.630299
1609.981445	2.369760
1608.981445	-15.856867
1607.981445	-5.268775
1606.980469	-1.865741
1605.980469	39.927876
1604.979492	-6.995417
1603.977539	27.628290
1602.976563	-19.229420
1601.974609	111.279106
1600.973633	4.578126
1599.971680	5.734078
1598.968750	54.811493
1597.966797	-3.843052
1596.963867	4.581247
1595.960938	8.245129
1594.958008	-0.027820
1593.955078	8.475580
1592.951172	-18.875383
1591.948242	-0.755660
1590.944336	46.068119
1589.940430	21.188049
1588.935547	-39.506718
1587.930664	9.748467
1586.926758	13.617167
1585.921875	-30.262865
1584.916016	23.787897
1583.911133	37.249565
1582.905273	50.719337
1581.899414	18.858908
1580.893555	-3.433259
1579.887695	7.687598
1578.880859	11.658862
1577.874023	13.252702
1576.867188	33.922760
1575.860352	11.692988
1574.853516	-3.374449
1573.845703	29.211201
1572.837891	-16.809433
1571.830078	39.580952
1570.822266	-61.176155
1569.813477	-19.082499
1568.804688	42.028385
1567.795898	-8.710180
1566.787109	21.442240
1565.778320	25.416456
1564.768555	-37.192684
1563.758789	-2.320641
1562.749023	-10.252369
1561.739258	95.863167
1560.729492	-38.016933
1559.718750	13.406111
1558.708008	7.802040
1557.697266	49.667267
1556.685547	82.002968
1555.674805	109.561386
1554.663086	92.008553
1553.651367	100.536057
1552.639648	33.146893
1551.626953	25.040323
1550.614258	26.395487
1549.602539	53.796638
1548.588867	24.287729
1547.576172	4.240718
1546.562500	-37.144928
1545.549805	30.389580
1544.536133	43.408588
1543.521484	13.780905
1542.507813	-20.600409
1541.493164	-7.681818
1540.478516	-44.482231
1539.463867	-24.543093
1538.449219	42.640175
1537.433594	36.469612
1536.417969	-45.369488
1535.402344	2.757853
1534.386719	20.116135
1533.371094	11.449953
1532.354492	-4.332113
1531.337891	-39.028534
1530.321289	51.366642
1529.304688	40.210930
1528.287109	38.466694
1527.269531	46.130260
1526.251953	-0.483633
1525.234375	9.487779
1524.216797	76.009315
1523.198242	-15.444823
1522.179688	29.793768
1521.161133	20.801237
1520.142578	49.478321
1519.123047	-1.950497
1518.103516	-27.478338
1517.083984	24.667116
1516.064453	20.287542
1515.044922	13.539111
1514.024414	20.889877
1513.003906	30.573502
1511.983398	4.965818
1510.962891	71.043495
1509.941406	-3.951041
1508.919922	-41.325943
1507.898438	92.816048
1506.876953	92.998665
1505.855469	-7.812414
1504.833008	-24.063517
1503.810547	16.024166
1502.788086	67.823189
1501.764648	4.616074
1500.742188	77.499100
1499.718750	77.636345
1498.695313	80.115860
1497.671875	-15.874194
1496.647461	131.945236
1495.624023	96.914520
1494.599609	104.071320
1493.574219	169.786621
1492.549805	137.117401
1491.524414	160.659012
1490.500000	179.515656
1489.474609	203.049454
1488.448242	182.119781
1487.422852	212.676651
1486.396484	212.821472
1485.370117	210.638107
1484.343750	245.873398
1483.316406	178.257477
1482.290039	274.269531
1481.262695	311.842255
1480.235352	391.460358
1479.208008	396.326477
1478.179688	417.548798
1477.151367	448.115173
1476.123047	429.672424
1475.094727	560.591125
1474.066406	579.490601
1473.037109	710.351501
1472.007813	687.267456
1470.978516	741.145691
1469.948242	746.067261
1468.918945	860.533081
1467.888672	1009.913269
1466.858398	970.566345
1465.828125	1080.301636
1464.796875	1085.228516
1463.765625	1059.908325
1462.735352	1111.421509
1461.703125	1204.810791
1460.671875	1223.735352
1459.639648	1233.365112
1458.607422	1273.238159
1457.575195	1285.214355
1456.542969	1308.825317
1455.509766	1364.977417
1454.477539	1356.071045
1453.444336	1363.446289
1452.410156	1203.626587
1451.376953	1236.610107
1450.342773	1241.740967
1449.308594	1237.605713
1448.274414	1252.054565
1447.240234	1326.832642
1446.205078	1366.807129
1445.169922	1501.856567
1444.134766	1616.002563
1443.099609	1834.422241
1442.063477	2020.323608
1441.028320	2050.938477
1439.992188	2202.008789
1438.955078	2429.455566
1437.918945	2598.942627
1436.881836	2384.115723
1435.844727	2507.293945
1434.807617	2301.877441
1433.770508	2068.811768
1432.732422	1828.929443
1431.695313	1700.164917
1430.656250	1566.852661
1429.618164	1632.394409
1428.580078	1510.754272
1427.541016	1444.635986
1426.501953	1226.121704
1425.462891	1014.652710
1424.422852	787.136353
1423.383789	665.924561
1422.343750	574.789185
1421.303711	550.627869
1420.262695	448.065613
1419.222656	350.178619
1418.181641	307.687622
1417.140625	306.722412
1416.098633	250.451324
1415.057617	189.603333
1414.015625	154.126770
1412.973633	178.552185
1411.931641	150.001205
1410.888672	96.132561
1409.846680	60.694798
1408.803711	75.890244
1407.760742	15.140420
1406.716797	11.907852
1405.673828	45.455315
1404.629883	30.681675
1403.585938	36.579422
1402.541016	-21.904644
1401.497070	2.327859
1400.452148	8.138374
1399.407227	16.207947
1398.362305	26.532198
1397.316406	-18.288195
1396.270508	26.382488
1395.224609	-2.445245
1394.178711	-51.958035
1393.132813	-25.807358
1392.085938	20.915079
1391.039063	-35.615005
1389.992188	-9.659945
1388.945313	-6.697398
1387.897461	-38.172703
1386.849609	10.472632
1385.801758	31.541452
1384.753906	43.366882
1383.705078	-25.016235
1382.657227	-24.786207
1381.608398	96.635612
1380.558594	-6.283861
1379.509766	-17.756052
1378.459961	4.983603
1377.410156	20.759108
1376.360352	36.429321
1375.310547	22.283289
1374.259766	12.606521
1373.208984	-6.310205
1372.158203	95.709717
1371.107422	44.594719
1370.055664	-4.333726
1369.003906	65.316864
1367.952148	41.263725
1366.900391	42.189934
1365.847656	49.827133
1364.794922	14.005737
1363.742188	23.661142
1362.689453	17.224049
1361.636719	10.662152
1360.583008	72.325439
1359.529297	86.014587
1358.475586	56.322495
1357.420898	19.708019
1356.367188	12.610209
1355.312500	62.316689
1354.257813	64.140251
1353.202148	-29.654743
1352.147461	-7.486030
1351.091797	-24.046144
1350.036133	41.182728
1348.979492	8.603210
1347.923828	28.262829
1346.867188	18.342369
1345.810547	-55.195564
1344.753906	37.041187
1343.696289	81.543785
1342.638672	128.289337
1341.581055	129.629242
1340.523438	171.811874
1339.464844	179.961029
1338.407227	224.414978
1337.348633	216.725082
1336.290039	240.806442
1335.230469	264.913116
1334.170898	325.308044
1333.112305	190.925827
1332.051758	233.303513
1330.992188	253.092850
1329.931641	257.097839
1328.871094	209.128830
1327.810547	269.880524
1326.750000	310.341156
1325.688477	310.171417
1324.626953	296.544098
1323.565430	323.732391
1322.503906	253.842575
1321.441406	392.005371
1320.379883	268.177917
1319.317383	320.726929
1318.253906	226.616470
1317.191406	293.007996
1316.127930	345.989532
1315.064453	297.567719
1314.000977	319.290131
1312.936523	368.256165
1311.873047	397.099579
1310.808594	423.874390
1309.743164	403.505127
1308.678711	394.630493
1307.613281	473.856659
1306.547852	519.486389
1305.482422	495.513489
1304.416992	582.127502
1303.350586	578.891479
1302.284180	683.925415
1301.217773	786.890808
1300.151367	829.291077
1299.083984	896.632385
1298.016602	928.177246
1296.949219	1002.632874
1295.881836	1032.303833
1294.813477	868.898193
1293.745117	624.876038
1292.676758	468.753418
1291.608398	391.483734
1290.539063	327.899384
1289.469727	125.342346
1288.400391	163.176498
1287.331055	93.456764
1286.260742	102.441177
1285.190430	1.679562
1284.120117	-45.076271
1283.049805	-10.966613
1281.979492	27.747160
1280.908203	17.281712
1279.836914	-33.376938
1278.765625	10.177665
1277.693359	47.114513
1276.621094	57.280842
1275.548828	4.877398
1274.476563	-2.647143
1273.404297	27.960091
1272.331055	-8.455085
1271.257813	44.680984
1270.184570	-16.150570
1269.110352	19.239271
1268.036133	25.630585
1266.961914	63.362514
1265.887695	2.850631
1264.813477	-21.848879
1263.738281	78.549545
1262.663086	58.403435
1261.587891	91.866005
1260.511719	114.193726
1259.436523	105.302956
1258.360352	67.448303
1257.284180	80.911301
1256.207031	74.319916
1255.130859	92.248810
1254.053711	25.499552
1252.976563	85.757896
1251.898438	128.164703
1250.820313	123.773758
1249.743164	39.212788
1248.664063	45.928272
1247.585938	37.026909
1246.506836	3.623456
1245.427734	52.492714
1244.348633	70.165886
1243.269531	87.789268
1242.189453	123.149094
1241.109375	25.112709
1240.029297	44.832260
1238.949219	24.515928
1237.868164	6.389360
1236.787109	10.429192
1235.706055	-36.633209
1234.625000	-28.237492
1233.542969	-28.763157
1232.460938	26.122673
1231.378906	18.838013
1230.296875	0.422702
1229.213867	-6.944710
1228.130859	-65.332664
1227.047852	-30.678978
1225.964844	10.555698
1224.880859	16.288006
1223.796875	-28.962055
1222.712891	14.310320
1221.628906	26.525217
1220.543945	18.770475
1219.458984	-33.279911
1218.374023	-30.063892
1217.289063	15.112671
1216.203125	24.844738
1215.118164	10.201131
1214.031250	13.194036
1212.945313	-45.734550
1211.858398	63.182880
1210.772461	15.199268
1209.684570	0.303600
1208.597656	20.672251
1207.509766	76.286179
1206.422852	70.035950
1205.333984	6.382327
1204.246094	143.383789
1203.157227	66.393784
1202.069336	53.302467
1200.979492	119.500229
1199.890625	90.859192
1198.800781	51.157055
1197.711914	125.932106
1196.621094	160.980698
1195.531250	127.704895
1194.440430	125.194710
1193.349609	175.430435
1192.258789	133.182968
1191.167969	183.263748
1190.076172	184.881912
1188.984375	175.440689
1187.892578	212.092697
1186.800781	200.317276
1185.708008	322.490936
1184.615234	251.254395
1183.522461	276.598846
1182.429688	288.686432
1181.335938	248.017700
1180.242188	253.374832
1179.148438	291.562103
1178.053711	270.432587
1176.959961	240.460938
1175.865234	265.234650
1174.770508	278.956024
1173.674805	237.803116
1172.579102	290.795624
1171.484375	245.108154
1170.387695	300.094147
1169.291992	267.388672
1168.195313	260.877136
1167.098633	260.843964
1166.001953	295.726929
1164.904297	192.690796
1163.807617	115.851349
1162.709961	161.394638
1161.611328	117.195343
1160.513672	48.878521
1159.415039	63.523281
1158.316406	1.604016
1157.217773	40.075489
1156.118164	-6.730265
1155.019531	27.153372
1153.918945	28.177303
1152.819336	-10.181050
1151.719727	18.997526
1150.619141	-32.644871
1149.518555	-18.958197
1148.416992	14.229720
1147.316406	-7.197155
1146.214844	56.252712
1145.113281	14.988544
1144.011719	-32.907471
1142.909180	82.414680
1141.806641	3.807619
1140.704102	42.649933
1139.601563	103.113411
1138.498047	43.768219
1137.394531	140.930527
1136.291016	155.289337
1135.186523	315.175079
1134.083008	477.036041
1132.978516	719.095032
1131.874023	869.664063
1130.768555	935.317505
1129.664063	1046.414185
1128.558594	972.782532
1127.452148	807.891663
1126.346680	638.622559
1125.240234	545.254456
1124.133789	447.488892
1123.027344	393.045715
1121.919922	332.031891
1120.813477	296.981628
1119.706055	303.046478
1118.597656	226.707016
1117.490234	245.659210
1116.381836	223.400909
1115.273438	220.596130
1114.165039	176.628708
1113.055664	197.574066
1111.946289	205.507187
1110.836914	241.544891
1109.727539	197.541122
1108.617188	227.069382
1107.506836	193.904541
1106.396484	234.252213
1105.286133	319.980499
1104.174805	230.720612
1103.063477	303.519287
1101.952148	320.192017
1100.839844	330.431458
1099.728516	366.631012
1098.616211	344.621063
1097.502930	499.588013
1096.390625	406.547485
1095.277344	524.950623
1094.164063	658.489868
1093.050781	716.641663
1091.936523	917.093384
1090.822266	1117.576050
1089.708008	1567.935425
1088.593750	1992.387085
1087.479492	2330.678467
1086.364258	2516.153076
1085.249023	2402.604736
1084.132813	2003.152710
1083.017578	1804.088745
1081.901367	1467.679077
1080.784180	1239.105957
1079.667969	1103.261353
1078.550781	995.620850
1077.433594	860.317810
1076.316406	746.779480
1075.199219	747.334656
1074.081055	623.611389
1072.962891	659.023132
1071.844727	668.923950
1070.725586	614.721191
1069.606445	633.727417
1068.487305	706.584595
1067.368164	893.276489
1066.248047	906.502441
1065.127930	1044.236328
1064.007813	1025.729370
1062.887695	988.163513
1061.766602	830.898987
1060.645508	721.000732
1059.524414	502.177002
1058.403320	347.829529
1057.281250	317.812134
1056.159180	279.413818
1055.037109	166.340286
1053.914063	181.743713
1052.791992	113.912590
1051.667969	106.081779
1050.544922	62.051689
1049.421875	65.145287
1048.297852	19.227533
1047.173828	78.041168
1046.048828	45.133904
1044.924805	-2.620755
1043.799805	24.393135
1042.674805	45.057487
1041.548828	48.709019
1040.422852	69.460335
1039.296875	81.712677
1038.170898	102.511948
1037.044922	16.793676
1035.917969	1.422376
1034.791016	71.244225
1033.664063	23.929117
1032.536133	61.769115
1031.408203	8.061296
1030.280273	-47.779842
1029.152344	9.102220
1028.023438	-10.644536
1026.894531	101.381149
1025.765625	-43.910889
1024.636719	16.929113
1023.506836	84.036163
1022.376953	148.897263
1021.247070	60.726063
1020.116211	14.954032
1018.985352	49.748432
1017.854492	-0.485576
1016.723633	-25.369688
1015.591797	51.435150
1014.460938	-11.915172
1013.328125	-13.905278
1012.196289	0.894070
1011.063477	-18.384178
1009.930664	-10.269989
1008.797852	4.040080
1007.665039	-58.045067
1006.531250	-27.085682
1005.397461	-15.331252
1004.263672	15.329538
1003.128906	-19.741535
1001.994141	19.114265
1000.859375	-1.381379
999.724609	28.761518
998.588867	69.351257
997.453125	-10.640858
996.317383	36.075115
995.181641	63.664833
994.044922	61.588139
992.908203	21.424995
991.771484	23.419693
990.633789	54.886021
989.496094	-2.344365
988.358398	1.561590
987.220703	-0.917806
986.082031	66.128960
984.943359	21.379120
983.804688	18.757175
982.666016	30.848873
981.526367	45.010311
980.386719	35.974571
979.247070	3.762838
978.106445	28.384869
976.965820	15.105567
975.825195	14.452113
974.684570	9.593046
973.542969	44.699150
972.401367	75.595802
971.259766	98.087051
970.118164	63.849503
968.975586	-1.859781
967.833008	33.320435
966.690430	137.824219
965.546875	78.558159
964.403320	-14.215564
963.259766	33.713005
962.116211	69.091057
960.971680	87.737518
959.828125	9.980186
958.682617	-6.862401
957.538086	14.114753
956.392578	-6.742384
955.247070	-8.640533
954.101563	111.049545
952.955078	61.155376
951.808594	53.248806
950.662109	-6.898760
949.515625	-4.159950
948.368164	23.755823
947.220703	-25.669609
946.073242	0.269471
944.925781	-19.747824
943.777344	-10.446864
942.628906	-70.073471
941.480469	-23.089182
940.331055	25.987480
939.181641	-29.353712
938.032227	-7.410126
936.882813	-18.868650
935.732422	13.499862
934.582031	-48.039135
933.431641	5.154842
932.280273	-68.901894
931.128906	59.275475
929.977539	24.778339
928.826172	-13.912870
927.673828	59.867046
926.521484	79.401443
925.369141	30.144989
924.216797	26.643518
923.063477	41.800259
921.910156	13.167298
920.756836	30.226498
919.602539	67.980316
918.448242	26.593204
917.293945	28.772476
916.139648	14.205178
914.984375	51.469151
913.829102	-9.057919
912.673828	-59.310341
911.517578	23.211102
910.361328	-35.628048
909.205078	44.460785
908.048828	28.893734
906.891602	-3.436759
905.734375	-11.044172
904.577148	6.047061
903.419922	10.497203
902.261719	70.701805
901.103516	45.713161
899.945313	86.811760
898.786133	69.674805
897.626953	114.434563
896.467773	156.865768
895.307617	151.429581
894.148438	189.214600
892.988281	249.509125
891.827148	270.262512
890.666992	290.806702
889.505859	271.869751
888.344727	236.228088
887.182617	171.503983
886.021484	129.380554
884.859375	105.714943
883.697266	129.415970
882.534180	111.693642
881.371094	118.633957
880.208008	98.648705
879.044922	82.710571
877.880859	64.636703
876.716797	81.557823
875.552734	133.460556
874.387695	197.657578
873.223633	175.263489
872.057617	163.151794
870.892578	113.974945
869.726563	141.001251
868.560547	135.096893
867.394531	106.586784
866.228516	84.302742
865.061523	111.443604
863.894531	105.732162
862.727539	30.196165
861.559570	76.052643
860.391602	6.907197
859.223633	102.266487
858.054688	142.240936
856.886719	108.408485
855.717773	97.318649
854.547852	170.544296
853.378906	209.024475
852.208984	208.685883
851.039063	272.126282
849.868164	298.829590
848.697266	346.240631
847.526367	404.108429
846.355469	374.078644
845.183594	377.094727
844.011719	357.847168
842.839844	492.464569
841.667969	443.061981
840.495117	543.395142
839.322266	537.593323
838.149414	431.881805
836.975586	471.771912
835.801758	440.412689
834.627930	468.676086
833.453125	433.880585
832.279297	360.577759
831.104492	310.068054
829.928711	268.027252
828.753906	193.597931
827.578125	141.909775
826.402344	137.423080
825.225586	100.518890
824.048828	39.365891
822.872070	43.702442
821.695313	17.640072
820.517578	52.919922
819.339844	-1.324727
818.162109	91.302414
816.984375	-46.155521
815.805664	-24.575626
814.626953	-33.434677
813.447266	4.628767
812.268555	16.301468
811.088867	42.286446
809.909180	29.672319
808.728516	-17.455553
807.547852	2.565280
806.367188	-11.955788
805.186523	14.181265
804.004883	26.083881
802.823242	-0.627499
801.641602	-19.233358
800.458984	4.763760
799.276367	-1.751305
798.093750	3.843035
796.911133	-4.847746
795.727539	-23.766930
794.543945	-0.202615
793.360352	71.883621
792.175781	62.733826
790.991211	49.388844
789.806641	-8.677254
788.622070	18.173903
787.436523	10.406149
786.250977	-54.238876
785.065430	32.722618
783.878906	22.296749
782.692383	46.025154
781.505859	4.773069
780.319336	40.107265
779.131836	38.760494
777.944336	12.876193
776.755859	35.215347
775.568359	20.913813
774.379883	14.436121
773.190430	11.747535
772.001953	91.577263
770.812500	66.198318
769.623047	-3.777223
768.433594	49.107399
767.243164	49.330845
766.052734	73.552650
764.862305	10.907331
763.670898	-1.506990
762.479492	-20.124872
761.288086	9.449461
760.096680	71.081879
758.904297	9.742360
757.711914	16.736656
756.518555	-48.831390
755.326172	-1.816859
754.132813	-37.385960
752.939453	-18.735680
751.745117	38.019550
750.550781	52.473335
749.356445	6.582561
748.162109	12.893952
746.966797	13.135353
745.771484	-38.856590
744.576172	27.591337
743.379883	1.678408
742.183594	17.912516
740.987305	90.314430
739.791016	52.403351
738.593750	-49.620266
737.396484	24.837431
736.198242	25.159508
735.000977	51.589550
733.802734	78.074257
732.603516	58.565670
731.405273	167.289474
730.206055	155.965363
729.006836	192.782623
727.806641	201.691940
726.607422	224.730331
725.407227	243.896744
724.206055	237.214096
723.005859	288.658203
721.804688	346.241333
720.603516	286.114471
719.401367	387.967926
718.199219	459.971802
716.997070	540.043335
715.794922	512.390137
714.591797	614.493591
713.388672	684.649780
712.185547	814.586792
710.981445	836.746338
709.777344	986.388123
708.573242	1066.093872
707.368164	1081.856934
706.164063	1049.628174
704.958984	1292.013794
703.752930	1313.040771
702.546875	1315.863037
701.340820	1425.827026
700.134766	1449.842896
698.928711	1523.190796
697.721680	1544.384155
696.513672	1419.988647
695.306641	1485.978638
694.098633	1499.752441
692.890625	1508.995972
691.682617	1348.832886
690.473633	1396.612671
689.264648	1318.653320
688.055664	1285.692505
686.845703	1184.557617
685.635742	1048.993652
684.425781	970.219116
683.214844	999.699097
682.004883	863.790833
680.792969	834.049500
679.582031	749.911621
678.370117	652.955933
677.158203	559.011169
675.946289	438.343109
674.733398	496.773376
673.520508	407.637939
672.307617	351.042419
671.094727	273.525146
669.880859	135.499298
668.666992	150.500641
667.452148	104.904282
666.238281	-5.191389
665.022461	11.782617
663.807617	60.963829
662.591797	27.723560
661.376953	-38.495018
660.160156	57.739044
658.944336	52.147934
657.727539	96.796623
656.510742	142.528214
655.292969	276.220245
654.075195	294.964294
652.857422	386.215424
651.639648	406.252930
650.420898	583.741760
649.202148	641.092712
647.983398	676.988770
646.763672	620.715210
645.543945	755.890625
644.324219	818.912781
643.104492	1065.681152
641.883789	1126.518066
640.663086	1204.232178
639.441406	1204.606079
638.220703	1302.784180
636.998047	1437.885742
635.776367	1246.783813
634.553711	1203.031006
633.332031	1000.492798
632.108398	664.906738
630.885742	600.761169
629.662109	382.332672
628.438477	292.305389
627.213867	315.054840
625.989258	178.216568
624.764648	95.669266
623.540039	4.842084
622.314453	7.758386
621.088867	32.060562
619.863281	11.333690
618.636719	-17.025156
617.410156	-50.897625
616.183594	-11.865004
614.956055	10.240657
613.728516	117.254944
612.500977	105.977562
611.273438	21.609596
610.044922	96.920929
608.816406	99.472939
607.586914	-7.570999
606.357422	31.762972
605.127930	-63.548153
603.898438	34.608360
