1714.818359	-2.105691
1713.839844	5.776524
1712.861328	20.931845
1711.882813	53.319321
1710.903320	2.406224
1709.924805	0.608752
1708.945313	8.680839
1707.965820	-15.036367
1706.985352	5.412887
1706.005859	-13.268822
1705.025391	58.716602
1704.044922	18.116652
1703.064453	-10.171217
1702.083984	-38.392124
1701.103516	36.210888
1700.122070	3.204064
1699.140625	43.629707
1698.159180	-55.285267
1697.177734	7.231905
1696.195313	25.772980
1695.212891	-16.741165
1694.230469	-5.448362
1693.248047	69.386726
1692.265625	-12.066296
1691.282227	40.837067
1690.299805	10.755683
1689.316406	-51.009628
1688.333008	-24.876347
1687.348633	30.548920
1686.365234	49.392006
1685.380859	9.725570
1684.396484	31.050032
1683.412109	47.511482
1682.426758	-9.127192
1681.441406	48.793098
1680.457031	4.390860
1679.471680	-18.059971
1678.485352	15.515991
1677.500000	-4.471834
1676.513672	38.841316
1675.527344	23.737732
1674.541016	13.510712
1673.554688	83.563721
1672.567383	61.170944
1671.581055	70.396202
1670.593750	23.700560
1669.606445	105.836479
1668.618164	8.110166
1667.630859	34.320702
1666.642578	-2.644826
1665.654297	-15.322748
1664.666016	47.258018
1663.676758	85.520966
1662.688477	-36.431103
1661.699219	33.339096
1660.709961	-49.778618
1659.720703	49.025024
1658.730469	11.962591
1657.740234	62.168583
1656.750977	-6.449811
1655.759766	12.172198
1654.769531	21.063423
1653.779297	15.385250
1652.788086	-29.072428
1651.796875	23.317316
1650.805664	7.870708
1649.814453	35.971420
1648.822266	44.673958
1647.830078	58.186539
1646.837891	-46.858265
1645.845703	7.733526
1644.853516	-17.511101
1643.860352	17.668001
1642.867188	-22.112263
1641.874023	-3.901440
1640.880859	2.203862
1639.886719	-54.512352
1638.893555	26.428982
1637.899414	5.915372
1636.905273	40.915401
1635.910156	39.685432
1634.916016	21.554203
1633.920898	-3.819162
1632.925781	26.280684
1631.930664	-11.160156
1630.935547	-58.237431
1629.939453	36.907955
1628.943359	23.563114
1627.947266	-62.062714
1626.951172	23.371563
1625.954102	5.206101
1624.958008	1.493793
1623.960938	12.224329
1622.963867	-5.932400
1621.966797	72.172432
1620.968750	-27.787083
1619.970703	-5.030455
1618.972656	29.744101
1617.974609	59.699818
1616.976563	-1.696912
1615.977539	-7.786307
1614.978516	-35.491077
1613.979492	13.698082
1612.980469	10.036267
1611.981445	42.405891
1610.981445	7.549977
1609.981445	20.727112
1608.981445	-11.683949
1607.981445	-34.469795
1606.980469	-33.243603
1605.980469	73.523949
1604.979492	-33.139111
1603.977539	30.466892
1602.976563	10.179711
1601.974609	25.864828
1600.973633	24.795528
1599.971680	11.772190
1598.968750	15.540524
1597.966797	-47.706272
1596.963867	23.148350
1595.960938	-35.237671
1594.958008	4.526516
1593.955078	61.041294
1592.951172	69.717056
1591.948242	-12.458425
1590.944336	1.046544
1589.940430	50.414917
1588.935547	-22.099665
1587.930664	-3.780524
1586.926758	71.871979
1585.921875	68.690865
1584.916016	17.764647
1583.911133	50.419621
1582.905273	16.237953
1581.899414	32.184772
1580.893555	33.813091
1579.887695	-24.188158
1578.880859	8.452112
1577.874023	29.155619
1576.867188	-26.431068
1575.860352	-46.251648
1574.853516	14.940551
1573.845703	59.423050
1572.837891	15.755336
1571.830078	79.247482
1570.822266	37.950909
1569.813477	22.838823
1568.804688	29.134315
1567.795898	23.514221
1566.787109	5.984539
1565.778320	16.979794
1564.768555	-5.339090
1563.758789	5.608163
1562.749023	7.019382
1561.739258	-41.495193
1560.729492	-42.504520
1559.718750	46.711338
1558.708008	14.752417
1557.697266	61.120617
1556.685547	62.335335
1555.674805	101.484779
1554.663086	140.579391
1553.651367	11.198943
1552.639648	-4.329819
1551.626953	46.496063
1550.614258	35.621239
1549.602539	-13.214242
1548.588867	-76.295578
1547.576172	7.486759
1546.562500	-43.827003
1545.549805	68.229042
1544.536133	-2.120499
1543.521484	-20.420349
1542.507813	3.831593
1541.493164	68.237297
1540.478516	14.277990
1539.463867	26.502804
1538.449219	17.379633
1537.433594	10.562486
1536.417969	48.598091
1535.402344	-17.412216
1534.386719	79.568871
1533.371094	-7.781683
1532.354492	51.270737
1531.337891	65.392578
1530.321289	11.009473
1529.304688	36.850136
1528.287109	41.403378
1527.269531	-15.416124
1526.251953	29.171932
1525.234375	54.845741
1524.216797	5.039356
1523.198242	-4.704958
1522.179688	18.522455
1521.161133	-17.181623
1520.142578	-31.689535
1519.123047	10.310218
1518.103516	5.188140
1517.083984	-16.421143
1516.064453	-5.081000
1515.044922	32.130913
1514.024414	-24.779285
1513.003906	-4.050838
1511.983398	21.372889
1510.962891	-2.581415
1509.941406	1.684000
1508.919922	-24.593592
1507.898438	-1.509773
1506.876953	-16.005892
1505.855469	-37.525066
1504.833008	-26.147192
1503.810547	27.501369
1502.788086	13.088778
1501.764648	57.367733
1500.742188	26.588125
1499.718750	61.523457
1498.695313	26.128988
1497.671875	-2.180595
1496.647461	-49.192814
1495.624023	11.657321
1494.599609	84.238037
1493.574219	117.010612
1492.549805	131.084885
1491.524414	25.789389
1490.500000	68.074348
1489.474609	129.119568
1488.448242	84.899315
1487.422852	129.660233
1486.396484	127.686256
1485.370117	128.118851
1484.343750	187.069061
1483.316406	133.868729
1482.290039	197.613480
1481.262695	266.079987
1480.235352	278.535095
1479.208008	323.759979
1478.179688	348.027527
1477.151367	335.009155
1476.123047	462.103363
1475.094727	479.543518
1474.066406	529.705017
1473.037109	589.239746
1472.007813	632.489258
1470.978516	559.212280
1469.948242	667.834778
1468.918945	879.005127
1467.888672	910.737488
1466.858398	991.425598
1465.828125	948.698425
1464.796875	1010.814148
1463.765625	956.555115
1462.735352	1016.404053
1461.703125	1111.170898
1460.671875	1145.450073
1459.639648	1123.930176
1458.607422	1160.587646
1457.575195	1241.433350
1456.542969	1331.571167
1455.509766	1259.027222
1454.477539	1242.299805
1453.444336	1269.736694
1452.410156	1220.544189
1451.376953	1213.184082
1450.342773	1219.770996
1449.308594	1189.234497
1448.274414	1288.661743
1447.240234	1290.620972
1446.205078	1308.821289
1445.169922	1419.770874
1444.134766	1560.812622
1443.099609	1720.335083
1442.063477	1854.294556
1441.028320	2015.992310
1439.992188	2182.245117
1438.955078	2362.310547
1437.918945	2461.248779
1436.881836	2446.702393
1435.844727	2314.114502
1434.807617	2290.313965
1433.770508	2035.169556
1432.732422	1724.603638
1431.695313	1698.560181
1430.656250	1626.262573
1429.618164	1551.653076
1428.580078	1477.041870
1427.541016	1365.461548
1426.501953	1143.020020
1425.462891	1049.954712
1424.422852	850.680969
1423.383789	674.530823
1422.343750	574.565918
1421.303711	493.052368
1420.262695	448.431854
1419.222656	336.898041
1418.181641	310.675964
1417.140625	307.467407
1416.098633	308.818634
1415.057617	197.208984
1414.015625	129.368591
1412.973633	167.458176
1411.931641	124.883034
1410.888672	135.227432
1409.846680	69.558662
1408.803711	49.892544
1407.760742	53.192150
1406.716797	21.934490
1405.673828	71.132912
1404.629883	-19.997679
1403.585938	3.799439
1402.541016	34.429184
1401.497070	-24.617058
1400.452148	40.363041
1399.407227	63.922283
1398.362305	18.532515
1397.316406	-13.115082
1396.270508	1.105801
1395.224609	29.038223
1394.178711	11.022434
1393.132813	-9.329830
1392.085938	29.899191
1391.039063	59.889137
1389.992188	55.431553
1388.945313	69.259148
1387.897461	-8.622254
1386.849609	-15.506816
1385.801758	-22.439178
1384.753906	-13.390979
1383.705078	0.178949
1382.657227	4.539300
1381.608398	-59.802505
1380.558594	1.656969
1379.509766	-53.608707
1378.459961	32.875252
1377.410156	20.961828
1376.360352	-32.140568
1375.310547	-9.857311
1374.259766	60.342587
1373.208984	9.395905
1372.158203	58.905590
1371.107422	108.342751
1370.055664	43.567654
1369.003906	40.390682
1367.952148	44.009506
1366.900391	40.732273
1365.847656	46.525757
1364.794922	81.909012
1363.742188	57.952774
1362.689453	31.677832
1361.636719	23.596893
1360.583008	65.592941
1359.529297	-1.802613
1358.475586	1.386520
1357.420898	-2.295639
1356.367188	78.213860
1355.312500	10.731346
1354.257813	-18.070955
1353.202148	-10.493474
1352.147461	19.803570
1351.091797	25.052946
1350.036133	62.108143
1348.979492	1.401961
1347.923828	81.592422
1346.867188	-54.078888
1345.810547	41.969006
1344.753906	31.246950
1343.696289	18.255735
1342.638672	105.140686
1341.581055	187.453918
1340.523438	219.827026
1339.464844	193.219330
1338.407227	239.207565
1337.348633	221.706238
1336.290039	231.432663
1335.230469	288.764465
1334.170898	275.858276
1333.112305	274.314941
1332.051758	293.179138
1330.992188	287.165100
1329.931641	256.286011
1328.871094	277.513916
1327.810547	212.790863
1326.750000	283.874908
1325.688477	235.100830
1324.626953	351.468597
1323.565430	234.983719
1322.503906	326.547485
1321.441406	275.764526
1320.379883	252.179764
1319.317383	309.981964
1318.253906	345.241791
1317.191406	353.466736
1316.127930	400.132294
1315.064453	345.301208
1314.000977	394.360657
1312.936523	400.619781
1311.873047	470.110229
1310.808594	447.212372
1309.743164	442.447968
1308.678711	500.886383
1307.613281	563.900818
1306.547852	487.318329
1305.482422	460.422028
1304.416992	629.544006
1303.350586	584.829834
1302.284180	639.276123
1301.217773	752.313904
1300.151367	856.413086
1299.083984	969.574158
1298.016602	1132.270142
1296.949219	1072.433228
1295.881836	1005.995300
1294.813477	856.555115
1293.745117	673.598267
1292.676758	477.364441
1291.608398	413.836670
1290.539063	354.949005
1289.469727	249.070862
1288.400391	129.898270
1287.331055	141.040848
1286.260742	141.088959
1285.190430	-8.998955
1284.120117	92.239883
1283.049805	18.707685
1281.979492	8.094279
1280.908203	-38.233009
1279.836914	-12.718169
1278.765625	8.440802
1277.693359	34.206211
1276.621094	17.561443
1275.548828	-3.413906
1274.476563	-37.666489
1273.404297	40.099602
1272.331055	-31.887186
1271.257813	-47.791920
1270.184570	10.235019
1269.110352	12.502922
1268.036133	52.908104
1266.961914	111.317764
1265.887695	20.189190
1264.813477	101.213188
1263.738281	39.459373
1262.663086	56.015907
1261.587891	43.706772
1260.511719	-1.906535
1259.436523	39.654137
1258.360352	52.364807
1257.284180	85.297440
1256.207031	42.585026
1255.130859	17.880117
1254.053711	8.951756
1252.976563	22.469967
1251.898438	42.834450
1250.820313	-1.219141
1249.743164	6.115047
1248.664063	-4.180551
1247.585938	50.227718
1246.506836	53.618950
1245.427734	-27.345695
1244.348633	5.298795
1243.269531	15.846588
1242.189453	8.755279
1241.109375	39.579540
1240.029297	74.958000
1238.949219	132.649048
1237.868164	50.517002
1236.787109	35.128643
1235.706055	15.396610
1234.625000	44.578037
1233.542969	-10.490431
1232.460938	9.950466
1231.378906	-18.356325
1230.296875	19.913197
1229.213867	27.172098
1228.130859	12.291093
1227.047852	-51.313923
1225.964844	-28.484741
1224.880859	-25.592974
1223.796875	-4.997869
1222.712891	-8.782825
1221.628906	47.165787
1220.543945	21.184225
1219.458984	-29.167425
1218.374023	13.345409
1217.289063	-1.720068
1216.203125	45.057713
1215.118164	67.411568
1214.031250	74.207458
1212.945313	131.707703
1211.858398	105.141716
1210.772461	104.962372
1209.684570	115.705650
1208.597656	163.825134
1207.509766	110.266083
1206.422852	131.585236
1205.333984	130.681198
1204.246094	158.266830
1203.157227	231.962936
1202.069336	252.522202
1200.979492	180.315903
1199.890625	187.246506
1198.800781	211.579483
1197.711914	167.392365
1196.621094	226.480881
1195.531250	210.441635
1194.440430	301.997131
1193.349609	204.008453
1192.258789	277.377228
1191.167969	328.431061
1190.076172	297.807465
1188.984375	308.660309
1187.892578	292.817474
1186.800781	366.759735
1185.708008	341.498657
1184.615234	373.051208
1183.522461	402.095123
1182.429688	406.683929
1181.335938	375.865631
1180.242188	404.030029
1179.148438	357.313324
1178.053711	398.085938
1176.959961	388.140320
1175.865234	413.020844
1174.770508	374.072968
1173.674805	442.277344
1172.579102	350.272552
1171.484375	356.649078
1170.387695	369.361847
1169.291992	340.250671
1168.195313	407.249969
1167.098633	358.021637
1166.001953	286.733582
1164.904297	230.590683
1163.807617	228.960510
1162.709961	144.057541
1161.611328	161.752716
1160.513672	85.295433
1159.415039	139.802917
1158.316406	93.639084
1157.217773	62.630680
1156.118164	3.099374
1155.019531	13.314359
1153.918945	-15.904265
1152.819336	57.320591
1151.719727	69.307144
1150.619141	33.184662
1149.518555	29.676281
1148.416992	6.440328
1147.316406	26.712793
1146.214844	-9.775463
1145.113281	3.774107
1144.011719	-6.719919
1142.909180	-2.044248
1141.806641	-6.145385
1140.704102	-53.835876
1139.601563	-14.515984
1138.498047	57.366478
1137.394531	161.801102
1136.291016	246.582031
1135.186523	335.638550
1134.083008	463.762329
1132.978516	630.921753
1131.874023	900.107422
1130.768555	1043.180054
1129.664063	1036.356079
1128.558594	890.588196
1127.452148	766.601379
1126.346680	594.953308
1125.240234	497.168793
1124.133789	384.273743
1123.027344	308.330658
1121.919922	256.304932
1120.813477	221.692947
1119.706055	158.967041
1118.597656	107.151215
1117.490234	174.560867
1116.381836	142.377823
1115.273438	151.415848
1114.165039	121.559120
1113.055664	102.610229
1111.946289	103.226273
1110.836914	108.256798
1109.727539	76.612732
1108.617188	172.645706
1107.506836	119.581512
1106.396484	183.354538
1105.286133	152.140991
1104.174805	203.143631
1103.063477	221.850815
1101.952148	219.085999
1100.839844	212.134689
1099.728516	280.867004
1098.616211	356.181152
1097.502930	306.486450
1096.390625	364.809204
1095.277344	533.229553
1094.164063	466.760132
1093.050781	605.239868
1091.936523	754.601563
1090.822266	1001.016602
1089.708008	1396.113525
1088.593750	1933.335205
1087.479492	2250.921143
1086.364258	2404.985107
1085.249023	2359.067383
1084.132813	2038.013184
1083.017578	1603.331055
1081.901367	1369.047607
1080.784180	1104.999634
1079.667969	987.459412
1078.550781	771.363464
1077.433594	798.370789
1076.316406	705.333923
1075.199219	715.664856
1074.081055	666.137329
1072.962891	651.237427
1071.844727	580.820496
1070.725586	551.471252
1069.606445	563.155884
1068.487305	590.105042
1067.368164	835.968567
1066.248047	901.918030
1065.127930	987.356750
1064.007813	905.873657
1062.887695	929.598206
1061.766602	782.209167
1060.645508	639.369324
1059.524414	481.803040
1058.403320	328.771515
1057.281250	293.656616
1056.159180	213.805130
1055.037109	187.608154
1053.914063	97.435776
1052.791992	26.677454
1051.667969	5.240241
1050.544922	-1.113905
1049.421875	-50.072079
1048.297852	20.688290
1047.173828	27.461422
1046.048828	2.304869
1044.924805	28.449736
1043.799805	-39.218746
1042.674805	-10.809539
1041.548828	11.245104
1040.422852	24.803980
1039.296875	14.943528
1038.170898	24.291941
1037.044922	-4.697877
1035.917969	-16.621948
1034.791016	14.049246
1033.664063	-14.918670
1032.536133	-16.216391
1031.408203	-6.901577
1030.280273	17.264635
1029.152344	75.406853
1028.023438	44.153408
1026.894531	-14.789489
1025.765625	-69.527351
1024.636719	49.938793
1023.506836	-2.833723
1022.376953	39.904251
1021.247070	42.163258
1020.116211	-21.511652
1018.985352	10.235220
1017.854492	-4.857695
1016.723633	-0.994471
1015.591797	74.835587
1014.460938	4.134460
1013.328125	24.467775
1012.196289	4.332612
1011.063477	30.652767
1009.930664	44.073185
1008.797852	-18.939659
1007.665039	21.680927
1006.531250	4.958261
1005.397461	-22.496386
1004.263672	-58.554604
1003.128906	2.585060
1001.994141	-4.134345
1000.859375	69.374474
999.724609	70.831184
998.588867	-27.187574
997.453125	-25.957174
996.317383	46.991215
995.181641	14.176597
994.044922	78.415100
992.908203	87.625877
991.771484	22.854435
990.633789	21.331766
989.496094	26.051283
988.358398	1.153965
987.220703	3.605372
986.082031	3.874402
984.943359	23.045971
983.804688	82.185875
982.666016	75.924965
981.526367	63.294456
980.386719	59.044800
979.247070	56.858860
978.106445	4.116512
976.965820	83.946152
975.825195	12.223789
974.684570	1.512183
973.542969	13.919656
972.401367	1.077787
971.259766	80.721352
970.118164	80.466606
968.975586	63.405258
967.833008	111.474739
966.690430	88.131889
965.546875	54.318810
964.403320	79.316925
963.259766	39.274494
962.116211	97.892265
960.971680	41.152378
959.828125	89.335770
958.682617	62.066364
957.538086	83.072441
956.392578	60.118504
955.247070	43.523136
954.101563	-0.227237
952.955078	35.687374
951.808594	21.397322
950.662109	9.260324
949.515625	24.380493
948.368164	14.427787
947.220703	-24.770714
946.073242	7.176621
944.925781	34.947197
943.777344	-58.514389
942.628906	-66.246780
941.480469	-11.298800
940.331055	-6.513095
939.181641	17.050642
938.032227	0.914812
936.882813	32.766483
935.732422	45.788338
934.582031	6.605230
933.431641	-18.006798
932.280273	-5.125952
931.128906	11.856707
929.977539	45.437420
928.826172	-4.427063
927.673828	-6.433023
926.521484	-46.019054
925.369141	-21.128872
924.216797	20.301552
923.063477	61.602425
921.910156	15.368586
920.756836	-8.082842
919.602539	55.702522
918.448242	-44.955971
917.293945	-16.817083
916.139648	-61.589397
914.984375	-25.459564
913.829102	-10.287601
912.673828	33.782040
911.517578	13.278120
910.361328	17.508686
909.205078	48.524818
908.048828	14.999068
906.891602	-4.199375
905.734375	-13.234081
904.577148	6.542755
903.419922	7.422987
902.261719	16.353693
901.103516	8.459303
899.945313	39.677948
898.786133	54.051331
897.626953	136.482895
896.467773	104.745132
895.307617	130.690445
894.148438	170.842865
892.988281	223.130493
891.827148	246.195633
890.666992	240.084030
889.505859	254.434845
888.344727	241.719528
887.182617	179.238586
886.021484	95.974060
884.859375	115.860428
883.697266	71.599564
882.534180	23.110847
881.371094	63.288807
880.208008	107.490829
879.044922	106.222488
877.880859	71.899559
876.716797	51.989323
875.552734	56.804039
874.387695	34.814178
873.223633	76.723106
872.057617	128.926102
870.892578	100.836670
869.726563	15.163559
868.560547	94.278366
867.394531	25.275156
866.228516	28.420864
865.061523	2.884065
863.894531	65.925179
862.727539	-4.547960
861.559570	34.117691
860.391602	-31.853758
859.223633	-21.574940
858.054688	-39.843773
856.886719	53.025742
855.717773	14.702119
854.547852	75.182304
853.378906	142.076736
852.208984	127.171394
851.039063	159.763824
849.868164	223.428391
848.697266	238.208145
847.526367	286.139496
846.355469	272.954407
845.183594	288.852081
844.011719	327.685730
842.839844	373.073975
841.667969	412.745483
840.495117	530.635315
839.322266	442.280579
838.149414	462.887817
836.975586	408.322632
835.801758	391.093201
834.627930	337.558380
833.453125	309.039551
832.279297	258.497864
831.104492	273.774078
829.928711	177.119415
828.753906	191.146667
827.578125	121.834816
826.402344	83.507401
825.225586	23.076164
824.048828	113.922493
822.872070	47.967434
821.695313	-48.284946
820.517578	22.898674
819.339844	-15.787388
818.162109	29.272448
816.984375	-23.293056
815.805664	1.708183
814.626953	-5.749875
813.447266	-19.197683
812.268555	-22.383945
811.088867	5.020180
809.909180	26.352564
808.728516	-60.075741
807.547852	-8.212903
806.367188	-70.220604
805.186523	32.359722
804.004883	6.841485
802.823242	66.557846
801.641602	16.484028
800.458984	47.518185
799.276367	-6.858932
798.093750	80.661598
796.911133	11.736840
795.727539	-6.659107
794.543945	49.742687
793.360352	32.878288
792.175781	29.933350
790.991211	10.476997
789.806641	47.427906
788.622070	98.192055
787.436523	75.673866
786.250977	56.824768
785.065430	15.310209
783.878906	-6.382750
782.692383	74.644493
781.505859	27.743608
780.319336	103.700722
779.131836	78.028305
777.944336	94.272194
776.755859	101.904587
775.568359	127.209465
774.379883	77.294777
773.190430	79.428299
772.001953	115.426506
770.812500	102.540817
769.623047	52.931305
768.433594	83.631630
767.243164	111.919472
766.052734	41.045448
764.862305	98.861641
763.670898	81.763229
762.479492	52.279392
761.288086	86.974632
760.096680	71.042633
758.904297	20.638609
757.711914	32.419357
756.518555	3.730843
755.326172	1.017546
754.132813	50.414646
752.939453	7.134181
751.745117	-46.323196
750.550781	-23.505495
749.356445	-69.118813
748.162109	-2.301985
746.966797	12.193583
745.771484	-27.577751
744.576172	33.008526
743.379883	-46.932522
742.183594	11.613835
740.987305	5.969552
739.791016	-29.707857
738.593750	20.902443
737.396484	-6.602407
736.198242	18.105356
735.000977	28.903315
733.802734	15.794084
732.603516	12.856912
731.405273	142.238617
730.206055	97.614174
729.006836	73.237625
727.806641	175.139694
726.607422	125.243362
725.407227	203.615128
724.206055	196.274475
723.005859	221.231094
721.804688	196.548218
720.603516	284.097534
719.401367	341.996918
718.199219	388.210419
716.997070	378.792633
715.794922	469.416473
714.591797	618.069824
713.388672	637.166748
712.185547	782.035217
710.981445	797.336853
709.777344	944.257813
708.573242	995.480225
707.368164	1008.814209
706.164063	1123.685547
704.958984	1190.625000
703.752930	1219.584839
702.546875	1258.327515
701.340820	1318.748901
700.134766	1362.995605
698.928711	1337.340088
697.721680	1478.425049
696.513672	1481.923340
695.306641	1399.579956
694.098633	1382.430054
692.890625	1414.498657
691.682617	1372.574951
690.473633	1320.209717
689.264648	1195.838257
688.055664	1142.369995
686.845703	1191.455322
685.635742	1045.434937
684.425781	970.162292
683.214844	945.712158
682.004883	898.682983
680.792969	706.157410
679.582031	647.590149
678.370117	605.958313
677.158203	454.481476
675.946289	440.679962
674.733398	366.466949
673.520508	295.183594
672.307617	284.162567
671.094727	236.404236
669.880859	199.337875
668.666992	155.140060
667.452148	24.699768
666.238281	68.907417
665.022461	60.354328
663.807617	16.875982
662.591797	3.574780
661.376953	-36.794590
660.160156	-39.061134
658.944336	26.567038
657.727539	-1.616070
656.510742	176.396484
655.292969	288.488800
654.075195	283.636597
652.857422	430.088348
651.639648	471.758484
650.420898	554.603821
649.202148	617.728760
647.983398	710.517639
646.763672	687.419189
645.543945	869.450134
644.324219	910.364868
643.104492	1132.979858
641.883789	1039.800415
640.663086	1221.000488
639.441406	1314.875488
638.220703	1455.305786
636.998047	1412.503174
635.776367	1422.499023
634.553711	1232.078857
633.332031	1063.400391
632.108398	708.525146
630.885742	666.150574
629.662109	453.632690
628.438477	339.932831
627.213867	164.358856
625.989258	225.059372
624.764648	122.252396
623.540039	77.597878
622.314453	83.377792
621.088867	-7.150827
619.863281	54.868603
618.636719	34.625450
617.410156	-44.187603
616.183594	92.507095
614.956055	30.104040
613.728516	-0.381852
612.500977	100.880119
611.273438	46.662315
610.044922	144.032135
608.816406	35.536934
607.586914	8.611028
606.357422	-51.877636
605.127930	-71.570755
603.898438	70.652428
