1714.818359	41.685314
1713.839844	-4.733302
1712.861328	2.656979
1711.882813	37.036324
1710.903320	10.126721
1709.924805	-6.952150
1708.945313	-38.713879
1707.965820	-28.797461
1706.985352	49.716522
1706.005859	-23.640308
1705.025391	10.781935
1704.044922	54.989101
1703.064453	8.620271
1702.083984	21.005386
1701.103516	-5.758704
1700.122070	1.734931
1699.140625	31.235207
1698.159180	31.379435
1697.177734	46.187428
1696.195313	82.981323
1695.212891	46.444729
1694.230469	46.561447
1693.248047	12.471828
1692.265625	12.574292
1691.282227	61.496090
1690.299805	-4.348371
1689.316406	42.085892
1688.333008	68.962898
1687.348633	0.666345
1686.365234	-1.767392
1685.380859	17.725313
1684.396484	-31.079521
1683.412109	-23.825058
1682.426758	-16.599998
1681.441406	83.183380
1680.457031	3902.754395
1679.471680	7913.123535
1678.485352	791.191040
1677.500000	174.841232
1676.513672	18.744633
1675.527344	42.757195
1674.541016	93.484467
1673.554688	7.928854
1672.567383	116.928719
1671.581055	87.243561
1670.593750	45.370419
1669.606445	54.509048
1668.618164	51.445381
1667.630859	24.038818
1666.642578	86.465225
1665.654297	22.530973
1664.666016	79.968925
1663.676758	47.509331
1662.688477	75.681290
1661.699219	50.399261
1660.709961	68.734840
1659.720703	84.575356
1658.730469	88.219780
1657.740234	111.193176
1656.750977	73.492256
1655.759766	40.583363
1654.769531	12.467797
1653.779297	56.972778
1652.788086	36.002762
1651.796875	14.981697
1650.805664	64.119530
1649.814453	74.455200
1648.822266	62.953442
1647.830078	51.406910
1646.837891	32.561455
1645.845703	76.558617
1644.853516	-31.833420
1643.860352	28.998018
1642.867188	34.178471
1641.874023	73.152580
1640.880859	-18.379993
1639.886719	-27.781366
1638.893555	15.924816
1637.899414	37.857693
1636.905273	35.621578
1635.910156	11.645557
1634.916016	2.143214
1633.920898	36.052639
1632.925781	21.699921
1631.930664	-2.300055
1630.935547	-26.295164
1629.939453	-6.898110
1628.943359	48.638927
1627.947266	-9.084408
1626.951172	-11.374366
1625.954102	27.284683
1624.958008	80.387589
1623.960938	-25.405201
1622.963867	25.307205
1621.966797	54.360168
1620.968750	-3.189574
1619.970703	23.495596
1618.972656	-5.114555
1617.974609	7.190349
1616.976563	-9.323474
1615.977539	-6.570736
1614.978516	39.469215
1613.979492	-12.964426
1612.980469	-17.296904
1611.981445	16.839087
1610.981445	17.396490
1609.981445	10.803979
1608.981445	-24.529205
1607.981445	16.986353
1606.980469	-3.825925
1605.980469	28.196325
1604.979492	24.302063
1603.977539	-5.894129
1602.976563	40.690762
1601.974609	8.251288
1600.973633	16.630375
1599.971680	70.593674
1598.968750	-21.465263
1597.966797	23.072042
1596.963867	-18.498861
1595.960938	21.402308
1594.958008	35.047077
1593.955078	-30.180784
1592.951172	-13.988813
1591.948242	-0.124522
1590.944336	20.972494
1589.940430	-15.241799
1588.935547	-20.314917
1587.930664	-18.162127
1586.926758	19.873043
1585.921875	19.729738
1584.916016	57.835430
1583.911133	55.384304
1582.905273	5.238687
1581.899414	2.872999
1580.893555	-28.088846
1579.887695	3.005141
1578.880859	10.263438
1577.874023	74.759750
1576.867188	3.375740
1575.860352	-1.235710
1574.853516	10.843313
1573.845703	32.452412
1572.837891	-3.105131
1571.830078	70.884972
1570.822266	44.851349
1569.813477	-14.501548
1568.804688	30.863674
1567.795898	4.819550
1566.787109	2.553803
1565.778320	71.610603
1564.768555	-13.934807
1563.758789	50.285767
1562.749023	9.873188
1561.739258	24.091461
1560.729492	21.633244
1559.718750	-16.495575
1558.708008	52.201458
1557.697266	163.551575
1556.685547	130.007629
1555.674805	94.045494
1554.663086	91.251846
1553.651367	55.182808
1552.639648	23.801655
1551.626953	51.636772
1550.614258	98.346649
1549.602539	57.261944
1548.588867	68.238930
1547.576172	-15.640924
1546.562500	44.904884
1545.549805	43.758808
1544.536133	73.290512
1543.521484	-3.814397
1542.507813	-0.529830
1541.493164	45.229572
1540.478516	43.542572
1539.463867	84.307938
1538.449219	61.090759
1537.433594	75.586472
1536.417969	19.052326
1535.402344	30.957373
1534.386719	42.747341
1533.371094	63.873825
1532.354492	28.208683
1531.337891	-21.707552
1530.321289	18.001524
1529.304688	-43.881069
1528.287109	85.292679
1527.269531	51.551846
1526.251953	55.478901
1525.234375	101.769234
1524.216797	60.735527
1523.198242	92.711357
1522.179688	-9.717270
1521.161133	10.344865
1520.142578	70.379784
1519.123047	17.286617
1518.103516	-45.257347
1517.083984	31.059685
1516.064453	-12.732836
1515.044922	6.979258
1514.024414	21.932915
1513.003906	3.914255
1511.983398	-11.779626
1510.962891	-20.445009
1509.941406	13.170941
1508.919922	4.448732
1507.898438	21.554003
1506.876953	17.494070
1505.855469	43.952637
1504.833008	23.426748
1503.810547	-1.791845
1502.788086	41.059551
1501.764648	55.732025
1500.742188	68.060081
1499.718750	-15.776975
1498.695313	-36.252991
1497.671875	8.939297
1496.647461	115.069725
1495.624023	26.673986
1494.599609	83.600746
1493.574219	16.379156
1492.549805	94.423058
1491.524414	146.710449
1490.500000	86.653831
1489.474609	124.961189
1488.448242	163.296021
1487.422852	136.164337
1486.396484	176.924301
1485.370117	142.895218
1484.343750	179.080048
1483.316406	236.348114
1482.290039	181.491608
1481.262695	229.530457
1480.235352	331.350586
1479.208008	349.129395
1478.179688	437.022217
1477.151367	412.903015
1476.123047	440.217163
1475.094727	560.932373
1474.066406	579.024902
1473.037109	524.879761
1472.007813	638.731079
1470.978516	650.028687
1469.948242	815.234497
1468.918945	919.857422
1467.888672	919.665161
1466.858398	1017.382935
1465.828125	1026.637451
1464.796875	1040.618896
1463.765625	1101.227905
1462.735352	1189.816895
1461.703125	1187.692261
1460.671875	1267.068481
1459.639648	1274.383179
1458.607422	1225.961304
1457.575195	1458.944336
1456.542969	1315.355591
1455.509766	1369.431030
1454.477539	1367.798828
1453.444336	1389.469849
1452.410156	1290.443604
1451.376953	1277.444092
1450.342773	1290.059448
1449.308594	1318.989868
1448.274414	1368.865601
1447.240234	1472.150879
1446.205078	1420.069458
1445.169922	1588.375122
1444.134766	1756.681885
1443.099609	1885.587036
1442.063477	2090.982178
1441.028320	2236.124756
1439.992188	2476.248291
1438.955078	2521.811768
1437.918945	2875.367920
1436.881836	2670.971436
1435.844727	2573.196289
1434.807617	2401.494629
1433.770508	2199.867676
1432.732422	2051.596680
1431.695313	1873.402832
1430.656250	1831.757568
1429.618164	1817.938354
1428.580078	1665.549561
1427.541016	1605.713135
1426.501953	1321.924072
1425.462891	1156.105835
1424.422852	928.095398
1423.383789	817.979126
1422.343750	714.907593
1421.303711	593.493408
1420.262695	509.106201
1419.222656	351.009613
1418.181641	365.967010
1417.140625	270.305847
1416.098633	220.818039
1415.057617	240.506119
1414.015625	223.345917
1412.973633	173.959320
1411.931641	76.240303
1410.888672	98.281258
1409.846680	19.022106
1408.803711	52.543880
1407.760742	74.521652
1406.716797	-7.054260
1405.673828	56.249275
1404.629883	98.785011
1403.585938	33.203915
1402.541016	-39.305546
1401.497070	14.521906
1400.452148	6.222155
1399.407227	7.026923
1398.362305	12.329888
1397.316406	-44.455830
1396.270508	11.142063
1395.224609	9.229623
1394.178711	50.784370
1393.132813	55.488655
1392.085938	-13.333153
1391.039063	23.194328
1389.992188	43.504532
1388.945313	-28.027584
1387.897461	3.406822
1386.849609	43.811718
1385.801758	79.431915
1384.753906	71.336929
1383.705078	33.282009
1382.657227	59.120167
1381.608398	105.322189
1380.558594	16.299488
1379.509766	18.573875
1378.459961	32.037708
1377.410156	116.120033
1376.360352	92.478218
1375.310547	182.844330
1374.259766	64.982994
1373.208984	102.221024
1372.158203	120.883965
1371.107422	109.559944
1370.055664	107.063019
1369.003906	104.254318
1367.952148	57.773109
1366.900391	90.827003
1365.847656	100.717094
1364.794922	89.735710
1363.742188	71.567192
1362.689453	91.801254
1361.636719	41.049423
1360.583008	74.289497
1359.529297	18.382853
1358.475586	41.921829
1357.420898	33.304539
1356.367188	-16.519356
1355.312500	6.266531
1354.257813	56.135567
1353.202148	7.969522
1352.147461	0.596303
1351.091797	2.157907
1350.036133	8.128762
1348.979492	-40.575615
1347.923828	-5.276742
1346.867188	86.709496
1345.810547	-0.834811
1344.753906	72.836754
1343.696289	5.686535
1342.638672	90.630280
1341.581055	186.893951
1340.523438	233.232803
1339.464844	204.738861
1338.407227	203.546402
1337.348633	148.017334
1336.290039	273.955292
1335.230469	304.770294
1334.170898	226.958710
1333.112305	230.898804
1332.051758	239.528885
1330.992188	271.004089
1329.931641	273.245789
1328.871094	228.194977
1327.810547	183.418915
1326.750000	200.016281
1325.688477	187.489777
1324.626953	193.370453
1323.565430	186.015091
1322.503906	224.217377
1321.441406	149.779556
1320.379883	188.729568
1319.317383	198.700836
1318.253906	218.122406
1317.191406	192.831131
1316.127930	213.156357
1315.064453	263.294434
1314.000977	250.739319
1312.936523	297.359100
1311.873047	272.335236
1310.808594	414.731964
1309.743164	449.442963
1308.678711	405.859253
1307.613281	385.447174
1306.547852	419.749298
1305.482422	411.902893
1304.416992	521.819946
1303.350586	607.581604
1302.284180	642.170715
1301.217773	744.861084
1300.151367	884.088379
1299.083984	985.586426
1298.016602	1119.064453
1296.949219	1241.761841
1295.881836	1128.889893
1294.813477	953.626770
1293.745117	689.024475
1292.676758	541.773865
1291.608398	442.155762
1290.539063	289.088745
1289.469727	266.646301
1288.400391	139.073425
1287.331055	155.472366
1286.260742	46.545036
1285.190430	61.287319
1284.120117	38.152363
1283.049805	-29.582947
1281.979492	23.940180
1280.908203	88.832016
1279.836914	75.441574
1278.765625	118.182892
1277.693359	15.473862
1276.621094	0.207797
1275.548828	92.447220
1274.476563	142.167496
1273.404297	50.935066
1272.331055	120.793213
1271.257813	186.117172
1270.184570	146.277527
1269.110352	99.683395
1268.036133	171.451233
1266.961914	109.007324
1265.887695	140.261230
1264.813477	189.196014
1263.738281	240.156860
1262.663086	219.443695
1261.587891	247.596375
1260.511719	302.254883
1259.436523	173.667175
1258.360352	252.247192
1257.284180	210.047318
1256.207031	214.327805
1255.130859	200.382874
1254.053711	290.771912
1252.976563	218.059723
1251.898438	225.111572
1250.820313	258.399933
1249.743164	271.125793
1248.664063	223.231430
1247.585938	321.668396
1246.506836	277.102722
1245.427734	231.977600
1244.348633	212.996826
1243.269531	295.753448
1242.189453	260.143616
1241.109375	232.933487
1240.029297	191.918381
1238.949219	261.518890
1237.868164	226.262772
1236.787109	219.456085
1235.706055	203.362137
1234.625000	213.514954
1233.542969	105.692757
1232.460938	163.937363
1231.378906	106.494659
1230.296875	90.890442
1229.213867	108.246429
1228.130859	87.639107
1227.047852	11.386557
1225.964844	112.154152
1224.880859	-2.184638
1223.796875	133.545013
1222.712891	-14.338016
1221.628906	34.668724
1220.543945	12.695755
1219.458984	45.916718
1218.374023	-5.031718
1217.289063	-2.970646
1216.203125	34.393044
1215.118164	93.800835
1214.031250	2.877354
1212.945313	64.436211
1211.858398	-4.346722
1210.772461	-42.146061
1209.684570	1.805362
1208.597656	17.116222
1207.509766	19.265739
1206.422852	39.179111
1205.333984	37.147633
1204.246094	-52.944241
1203.157227	15.921125
1202.069336	14.408193
1200.979492	30.730076
1199.890625	58.293613
1198.800781	46.439339
1197.711914	8.433093
1196.621094	36.785294
1195.531250	74.241203
1194.440430	114.208595
1193.349609	4.880731
1192.258789	12.565858
1191.167969	62.425255
1190.076172	84.085823
1188.984375	154.531479
1187.892578	130.883560
1186.800781	116.481705
1185.708008	196.983170
1184.615234	200.984863
1183.522461	179.026886
1182.429688	192.580963
1181.335938	224.048950
1180.242188	249.259705
1179.148438	213.351303
1178.053711	204.088928
1176.959961	236.779465
1175.865234	228.071838
1174.770508	206.467712
1173.674805	301.257996
1172.579102	199.035538
1171.484375	285.430603
1170.387695	299.707794
1169.291992	228.745773
1168.195313	304.625336
1167.098633	240.534103
1166.001953	165.639496
1164.904297	156.497986
1163.807617	116.808228
1162.709961	77.195244
1161.611328	59.500641
1160.513672	15.599034
1159.415039	80.970894
1158.316406	74.204834
1157.217773	4.067581
1156.118164	-28.969252
1155.019531	71.091545
1153.918945	-3.576032
1152.819336	-12.866738
1151.719727	1.713237
1150.619141	-1.305166
1149.518555	19.496325
1148.416992	22.667183
1147.316406	-2.706785
1146.214844	52.336872
1145.113281	-17.063044
1144.011719	52.703197
1142.909180	150.470642
1141.806641	141.220108
1140.704102	109.891594
1139.601563	143.523865
1138.498047	200.720871
1137.394531	246.643250
1136.291016	361.739044
1135.186523	539.421570
1134.083008	664.425842
1132.978516	945.387695
1131.874023	1117.124390
1130.768555	1236.165649
1129.664063	1165.718506
1128.558594	1077.425659
1127.452148	964.802551
1126.346680	830.055908
1125.240234	736.133789
1124.133789	652.659546
1123.027344	579.643616
1121.919922	586.473083
1120.813477	493.203522
1119.706055	505.792236
1118.597656	481.184845
1117.490234	384.774506
1116.381836	350.889465
1115.273438	453.124237
1114.165039	431.643921
1113.055664	368.783539
1111.946289	420.378784
1110.836914	402.498901
1109.727539	349.812408
1108.617188	459.113403
1107.506836	416.869354
1106.396484	378.808319
1105.286133	433.534119
1104.174805	537.789795
1103.063477	490.712830
1101.952148	454.366272
1100.839844	562.594543
1099.728516	556.343079
1098.616211	664.413879
1097.502930	688.280762
1096.390625	722.930481
1095.277344	705.828369
1094.164063	798.716431
1093.050781	857.135132
1091.936523	1059.964722
1090.822266	1402.822510
1089.708008	1902.860107
1088.593750	2308.053955
1087.479492	2823.002197
1086.364258	2870.827148
1085.249023	2770.341797
1084.132813	2407.641846
1083.017578	2036.733032
1081.901367	1707.085327
1080.784180	1354.195190
1079.667969	1223.130249
1078.550781	1038.696045
1077.433594	873.996704
1076.316406	853.611511
1075.199219	835.734863
1074.081055	816.086487
1072.962891	695.957825
1071.844727	602.042786
1070.725586	652.332092
1069.606445	700.873840
1068.487305	816.277649
1067.368164	899.866455
1066.248047	1011.664551
1065.127930	1087.354980
1064.007813	1064.821411
1062.887695	1061.924438
1061.766602	928.739746
1060.645508	765.969177
1059.524414	603.587341
1058.403320	503.640015
1057.281250	356.961700
1056.159180	296.186798
1055.037109	192.936554
1053.914063	113.507011
1052.791992	136.952057
1051.667969	100.785118
1050.544922	66.986488
1049.421875	71.856468
1048.297852	-21.312576
1047.173828	13.842388
1046.048828	53.422207
1044.924805	31.250938
1043.799805	51.908077
1042.674805	59.889786
1041.548828	72.256439
1040.422852	48.480598
1039.296875	41.863590
1038.170898	11.891189
1037.044922	1.178561
1035.917969	-3.076537
1034.791016	43.826019
1033.664063	-5.067725
1032.536133	-7.084761
1031.408203	110.081200
1030.280273	8.046716
1029.152344	44.305195
1028.023438	-2.415396
1026.894531	40.141609
1025.765625	8.228247
1024.636719	71.894768
1023.506836	18.601536
1022.376953	41.711174
1021.247070	9.491062
1020.116211	-10.088134
1018.985352	4.175265
1017.854492	20.412378
1016.723633	100.137871
1015.591797	-4.881537
1014.460938	0.241371
1013.328125	-22.388123
1012.196289	-21.896254
1011.063477	16.542381
1009.930664	39.937252
1008.797852	-38.542240
1007.665039	9.897941
1006.531250	-11.726841
1005.397461	51.160599
1004.263672	27.090279
1003.128906	-20.395859
1001.994141	20.833672
1000.859375	-22.689146
999.724609	11.902637
998.588867	6.188728
997.453125	2.469474
996.317383	17.652733
995.181641	5.260987
994.044922	-3.002019
992.908203	1.312690
991.771484	28.757156
990.633789	-5.092031
989.496094	1.088155
988.358398	2.979656
987.220703	9.027843
986.082031	17.128206
984.943359	46.257244
983.804688	-19.500496
982.666016	-13.624921
981.526367	76.478836
980.386719	35.953575
979.247070	31.227743
978.106445	45.443314
976.965820	-14.002064
975.825195	-16.603765
974.684570	54.433121
973.542969	58.163853
972.401367	24.077515
971.259766	19.471725
970.118164	19.114798
968.975586	12.505521
967.833008	81.576256
966.690430	64.577637
965.546875	45.559422
964.403320	28.727900
963.259766	106.425766
962.116211	77.178337
960.971680	121.460503
959.828125	92.430351
958.682617	61.432606
957.538086	45.242905
956.392578	48.050789
955.247070	94.990784
954.101563	47.792480
952.955078	40.546265
951.808594	60.650269
950.662109	1.322794
949.515625	55.134689
948.368164	37.884617
947.220703	22.819302
946.073242	81.026894
944.925781	-27.987347
943.777344	-13.573983
942.628906	-11.665563
941.480469	-22.264420
940.331055	-26.572409
939.181641	25.511345
938.032227	4.493883
936.882813	-20.704185
935.732422	12.514272
934.582031	37.333336
933.431641	-0.483515
932.280273	-9.147673
931.128906	38.409889
929.977539	87.945297
928.826172	39.421101
927.673828	-15.435854
926.521484	58.752522
925.369141	59.892838
924.216797	17.171730
923.063477	18.028191
921.910156	16.639017
920.756836	52.522240
919.602539	2.924463
918.448242	-13.577969
917.293945	7.137682
916.139648	62.955265
914.984375	43.705559
913.829102	13.831766
912.673828	2.407891
911.517578	-23.815937
910.361328	14.048157
909.205078	57.828419
908.048828	32.807926
906.891602	36.525188
905.734375	0.505833
904.577148	-8.879804
903.419922	14.557089
902.261719	74.923386
901.103516	74.795113
899.945313	63.922081
898.786133	83.718140
897.626953	96.881912
896.467773	136.528534
895.307617	206.764618
894.148438	214.480347
892.988281	261.098389
891.827148	284.568939
890.666992	291.147766
889.505859	247.783234
888.344727	297.144836
887.182617	191.236481
886.021484	194.621765
884.859375	166.795670
883.697266	64.452286
882.534180	50.738514
881.371094	74.029274
880.208008	-3.918193
879.044922	54.215614
877.880859	29.744583
876.716797	102.139519
875.552734	100.264786
874.387695	71.589455
873.223633	67.682800
872.057617	53.509624
870.892578	109.442986
869.726563	76.906143
868.560547	81.558449
867.394531	14.328342
866.228516	48.116695
865.061523	80.021736
863.894531	25.762859
862.727539	-36.446747
861.559570	10.579882
860.391602	-24.317476
859.223633	13.032796
858.054688	-25.290550
856.886719	10.711160
855.717773	38.877441
854.547852	-14.651814
853.378906	69.788200
852.208984	132.092194
851.039063	104.619919
849.868164	204.822250
848.697266	176.372772
847.526367	255.096405
846.355469	358.976563
845.183594	277.008087
844.011719	291.998993
842.839844	330.189178
841.667969	399.776520
840.495117	433.224396
839.322266	412.168457
838.149414	432.822784
836.975586	448.143036
835.801758	390.641693
834.627930	387.081421
833.453125	349.511566
832.279297	261.566101
831.104492	204.969452
829.928711	175.581619
828.753906	130.456970
827.578125	104.288841
826.402344	97.022133
825.225586	39.244335
824.048828	22.743967
822.872070	16.865381
821.695313	-0.861889
820.517578	44.966969
819.339844	11.606545
818.162109	0.950917
816.984375	19.059561
815.805664	47.559044
814.626953	41.604355
813.447266	-8.982016
812.268555	-41.138878
811.088867	34.625881
809.909180	43.260792
808.728516	35.628014
807.547852	15.758906
806.367188	-16.373135
805.186523	71.291595
804.004883	93.764549
802.823242	79.481941
801.641602	103.568077
800.458984	84.762985
799.276367	124.535057
798.093750	157.872055
796.911133	140.111069
795.727539	142.249008
794.543945	182.475616
793.360352	177.610229
792.175781	79.014252
790.991211	89.337769
789.806641	172.001923
788.622070	179.071320
787.436523	112.593956
786.250977	215.499451
785.065430	151.671051
783.878906	208.512711
782.692383	163.379959
781.505859	139.675217
780.319336	129.258560
779.131836	219.005142
777.944336	249.167618
776.755859	157.178864
775.568359	203.735336
774.379883	265.578278
773.190430	241.777573
772.001953	265.653809
770.812500	169.702423
769.623047	270.798218
768.433594	256.188751
767.243164	125.983711
766.052734	204.892990
764.862305	146.115677
763.670898	161.362793
762.479492	149.888855
761.288086	172.169983
760.096680	155.722595
758.904297	136.835907
757.711914	183.983856
756.518555	77.812004
755.326172	7.584081
754.132813	49.714874
752.939453	-2.941789
751.745117	70.834808
750.550781	1.685303
749.356445	-19.370483
748.162109	53.868305
746.966797	76.756592
745.771484	103.586227
744.576172	15.953404
743.379883	54.788673
742.183594	13.386342
740.987305	-17.896322
739.791016	-20.984398
738.593750	6.130011
737.396484	23.379940
736.198242	-7.279148
735.000977	2.394418
733.802734	64.403816
732.603516	66.604271
731.405273	59.142548
730.206055	104.089592
729.006836	161.429199
727.806641	157.156891
726.607422	187.372131
725.407227	242.070755
724.206055	207.319550
723.005859	251.117874
721.804688	209.580795
720.603516	312.544373
719.401367	290.287598
718.199219	354.514984
716.997070	415.281891
715.794922	540.394897
714.591797	695.833435
713.388672	785.777649
712.185547	832.160889
710.981445	866.862061
709.777344	983.526855
708.573242	1174.072998
707.368164	1155.476074
706.164063	1366.054932
704.958984	1238.037231
703.752930	1331.066040
702.546875	1390.154053
701.340820	1562.529419
700.134766	1625.237061
698.928711	1466.920532
697.721680	1606.686401
696.513672	1642.683350
695.306641	1551.088501
694.098633	1596.215454
692.890625	1654.746338
691.682617	1474.384644
690.473633	1444.426758
689.264648	1390.022339
688.055664	1350.828857
686.845703	1324.791382
685.635742	1169.027100
684.425781	1103.712524
683.214844	976.050415
682.004883	940.663147
680.792969	787.336182
679.582031	743.976013
678.370117	745.061401
677.158203	511.292633
675.946289	476.368988
674.733398	444.121857
673.520508	343.268188
672.307617	349.880524
671.094727	214.610168
669.880859	158.958130
668.666992	121.543930
667.452148	169.476913
666.238281	-29.280254
665.022461	21.175877
663.807617	-3.222726
662.591797	-3.801028
661.376953	-18.061794
660.160156	25.090219
658.944336	7.507286
657.727539	108.871696
656.510742	153.800308
655.292969	317.970154
654.075195	329.499451
652.857422	391.673950
651.639648	516.471985
650.420898	583.853638
649.202148	722.090576
647.983398	708.856934
646.763672	825.887207
645.543945	998.540527
644.324219	1038.109985
643.104492	1241.880737
641.883789	1370.001831
640.663086	1397.202393
639.441406	1494.713257
638.220703	1584.143188
636.998047	1557.569946
635.776367	1446.780273
634.553711	1197.009155
633.332031	1175.680664
632.108398	919.614319
630.885742	696.076843
629.662109	618.980652
628.438477	282.494720
627.213867	210.478851
625.989258	179.499496
624.764648	52.553410
623.540039	66.968201
622.314453	9.352780
621.088867	7.243994
619.863281	52.971859
618.636719	62.559975
617.410156	-18.561691
616.183594	9.415386
614.956055	101.661385
613.728516	-17.388250
612.500977	74.868439
611.273438	122.459190
610.044922	65.101898
608.816406	43.681389
607.586914	40.861134
606.357422	15.780713
605.127930	-17.674490
603.898438	10.960011
