1714.818359	44.725716
1713.839844	18.049471
1712.861328	10.995191
1711.882813	-25.369240
1710.903320	4.584756
1709.924805	-11.936696
1708.945313	15.763345
1707.965820	6.801009
1706.985352	-19.207972
1706.005859	35.712868
1705.025391	-24.383934
1704.044922	-15.818032
1703.064453	27.098314
1702.083984	-3.333204
1701.103516	-48.350990
1700.122070	2.126177
1699.140625	-10.928465
1698.159180	12.771323
1697.177734	-19.695555
1696.195313	-25.197977
1695.212891	-13.529323
1694.230469	-65.325905
1693.248047	14.857145
1692.265625	12.030113
1691.282227	9.255543
1690.299805	-3.233454
1689.316406	-5.909509
1688.333008	6.098620
1687.348633	18.141415
1686.365234	-8.809355
1685.380859	17.933233
1684.396484	17.876659
1683.412109	25.160469
1682.426758	3.221159
1681.441406	12.987853
1680.457031	27.641060
1679.471680	-47.811562
1678.485352	30.187841
1677.500000	61.907887
1676.513672	66.847015
1675.527344	23.116800
1674.541016	20.766615
1673.554688	-22.938339
1672.567383	23.354311
1671.581055	-30.073669
1670.593750	6.456502
1669.606445	13.790451
1668.618164	33.253624
1667.630859	33.251358
1666.642578	8.935075
1665.654297	-25.112429
1664.666016	8.807803
1663.676758	-1.014330
1662.688477	1.266036
1661.699219	49.609039
1660.709961	12.979868
1659.720703	-4.276165
1658.730469	-7.024297
1657.740234	48.363861
1656.750977	28.531122
1655.759766	52.270092
1654.769531	29.904903
1653.779297	53.519062
1652.788086	21.363199
1651.796875	-20.517887
1650.805664	22.300457
1649.814453	11.802279
1648.822266	54.499134
1647.830078	-6.902776
1646.837891	38.110321
1645.845703	-42.694992
1644.853516	36.076653
1643.860352	-15.763823
1642.867188	38.725784
1641.874023	18.249992
1640.880859	-4.665155
1639.886719	52.106461
1638.893555	-14.332668
1637.899414	-5.925076
1636.905273	-21.684233
1635.910156	25.287741
1634.916016	28.788855
1633.920898	-6.329294
1632.925781	-0.447504
1631.930664	-1.816938
1630.935547	-15.252906
1629.939453	-11.822635
1628.943359	-3.583001
1627.947266	-17.037909
1626.951172	-20.856728
1625.954102	-7.819708
1624.958008	-9.234992
1623.960938	-13.057364
1622.963867	-36.129978
1621.966797	51.503475
1620.968750	38.060760
1619.970703	0.579156
1618.972656	1.601278
1617.974609	38.700565
1616.976563	-15.546119
1615.977539	11.958210
1614.978516	51.483761
1613.979492	-24.297453
1612.980469	94.522186
1611.981445	28.416204
1610.981445	34.387604
1609.981445	11.581556
1608.981445	36.811687
1607.981445	69.261681
1606.980469	118.523346
1605.980469	91.056839
1604.979492	188.324203
1603.977539	199.288727
1602.976563	210.292221
1601.974609	202.164886
1600.973633	153.360458
1599.971680	154.925125
1598.968750	84.696716
1597.966797	93.561661
1596.963867	78.539307
1595.960938	58.790421
1594.958008	12.781460
1593.955078	12.294620
1592.951172	23.814833
1591.948242	42.550896
1590.944336	-19.960909
1589.940430	94.473740
1588.935547	46.400547
1587.930664	12.722843
1586.926758	-6.570065
1585.921875	67.321930
1584.916016	52.872334
1583.911133	112.465271
1582.905273	102.850021
1581.899414	88.496101
1580.893555	59.861889
1579.887695	24.110249
1578.880859	26.553413
1577.874023	43.323311
1576.867188	64.874474
1575.860352	69.753372
1574.853516	22.228800
1573.845703	3.326338
1572.837891	39.224190
1571.830078	56.069759
1570.822266	8.640700
1569.813477	30.265354
1568.804688	-40.918903
1567.795898	18.785622
1566.787109	-7.163191
1565.778320	-2.183491
1564.768555	-4.338654
1563.758789	-11.249150
1562.749023	-18.160410
1561.739258	39.081371
1560.729492	-10.611769
1559.718750	-5.664686
1558.708008	23.015778
1557.697266	8.937178
1556.685547	73.179863
1555.674805	175.348648
1554.663086	109.000832
1553.651367	75.870796
1552.639648	61.706017
1551.626953	16.699711
1550.614258	-6.977466
1549.602539	47.541527
1548.588867	-23.579870
1547.576172	2.430954
1546.562500	49.715553
1545.549805	-64.084160
1544.536133	-2.670518
1543.521484	13.704458
1542.507813	-19.665388
1541.493164	-45.964664
1540.478516	8.133214
1539.463867	-11.154382
1538.449219	35.727341
1537.433594	42.353630
1536.417969	20.569607
1535.402344	-1.248678
1534.386719	78.489746
1533.371094	37.688698
1532.354492	60.626545
1531.337891	29.212095
1530.321289	19.018730
1529.304688	-0.646393
1528.287109	29.211811
1527.269531	9.484230
1526.251953	8.601189
1525.234375	-25.324673
1524.216797	13.817634
1523.198242	24.630053
1522.179688	-14.076023
1521.161133	-24.519066
1520.142578	28.616875
1519.123047	29.895933
1518.103516	47.634186
1517.083984	-21.753777
1516.064453	-27.586708
1515.044922	15.977958
1514.024414	38.334045
1513.003906	11.273382
1511.983398	24.185719
1510.962891	25.324940
1509.941406	17.049366
1508.919922	15.817329
1507.898438	-11.267247
1506.876953	25.074797
1505.855469	-81.861694
1504.833008	13.167307
1503.810547	9.558604
1502.788086	-5.785536
1501.764648	-51.628952
1500.742188	-27.072245
1499.718750	-30.670715
1498.695313	3.254852
1497.671875	-2.685202
1496.647461	-39.089218
1495.624023	-0.479041
1494.599609	2.978024
1493.574219	72.030899
1492.549805	0.550031
1491.524414	29.793283
1490.500000	19.243053
1489.474609	71.903351
1488.448242	-13.499090
1487.422852	50.877533
1486.396484	-1.701248
1485.370117	6.562261
1484.343750	-31.914091
1483.316406	34.832603
1482.290039	-3.584865
1481.262695	21.122684
1480.235352	22.487988
1479.208008	19.209723
1478.179688	-19.064068
1477.151367	3.400282
1476.123047	-2.125135
1475.094727	18.045652
1474.066406	10.238997
1473.037109	-2.203954
1472.007813	8.702781
1470.978516	52.269318
1469.948242	79.524986
1468.918945	67.177124
1467.888672	38.548950
1466.858398	79.838173
1465.828125	60.581955
1464.796875	143.805161
1463.765625	119.932739
1462.735352	144.968079
1461.703125	158.379333
1460.671875	104.341972
1459.639648	38.719444
1458.607422	91.739632
1457.575195	42.463379
1456.542969	90.851669
1455.509766	92.761345
1454.477539	145.803619
1453.444336	119.864731
1452.410156	131.113174
1451.376953	184.168503
1450.342773	123.472580
1449.308594	120.841614
1448.274414	127.510391
1447.240234	168.990799
1446.205078	117.695984
1445.169922	198.613327
1444.134766	126.501175
1443.099609	207.412689
1442.063477	195.610901
1441.028320	142.125946
1439.992188	204.494888
1438.955078	146.427734
1437.918945	222.688141
1436.881836	236.428528
1435.844727	194.632065
1434.807617	201.456467
1433.770508	192.096695
1432.732422	182.752808
1431.695313	173.424179
1430.656250	150.240036
1429.618164	115.519852
1428.580078	94.689796
1427.541016	106.223167
1426.501953	152.408142
1425.462891	147.777481
1424.422852	76.202446
1423.383789	48.524464
1422.343750	55.483692
1421.303711	4.764854
1420.262695	23.278563
1419.222656	25.644928
1418.181641	-18.101606
1417.140625	-20.331274
1416.098633	25.842155
1415.057617	-4.046194
1414.015625	-10.884662
1412.973633	19.129969
1411.931641	-13.047379
1410.888672	12.341636
1409.846680	-10.624264
1408.803711	-61.202839
1407.760742	-22.037764
1406.716797	3.298705
1405.673828	26.312960
1404.629883	-1.279329
1403.585938	-26.574680
1402.541016	0.986305
1401.497070	-3.650068
1400.452148	26.157057
1399.407227	32.964527
1398.362305	3.008499
1397.316406	0.593214
1396.270508	-20.205940
1395.224609	-13.482887
1394.178711	-2.199709
1393.132813	13.639393
1392.085938	6.510956
1391.039063	10.820065
1389.992188	-3.241319
1388.945313	-17.328398
1387.897461	25.838711
1386.849609	20.846592
1385.801758	6.659787
1384.753906	-12.137407
1383.705078	42.291023
1382.657227	39.437454
1381.608398	-36.680305
1380.558594	-30.448597
1379.509766	3.184198
1378.459961	50.477230
1377.410156	49.692009
1376.360352	-33.427380
1375.310547	20.555456
1374.259766	21.914503
1373.208984	16.368595
1372.158203	24.474611
1371.107422	23.389772
1370.055664	26.814432
1369.003906	48.438499
1367.952148	56.304264
1366.900391	7.076020
1365.847656	42.194561
1364.794922	31.630518
1363.742188	9.608746
1362.689453	49.072479
1361.636719	42.883595
1360.583008	73.090675
1359.529297	7.565642
1358.475586	83.207451
1357.420898	-27.924871
1356.367188	-13.857797
1355.312500	25.194124
1354.257813	52.815639
1353.202148	41.719204
1352.147461	21.502058
1351.091797	-23.745850
1350.036133	6.019234
1348.979492	-27.887218
1347.923828	-29.982468
1346.867188	-2.559397
1345.810547	2.129329
1344.753906	38.599648
1343.696289	45.536087
1342.638672	13.884390
1341.581055	-20.018763
1340.523438	25.505667
1339.464844	55.141327
1338.407227	9.944810
1337.348633	-21.612635
1336.290039	21.666794
1335.230469	83.079750
1334.170898	56.130230
1333.112305	42.817101
1332.051758	61.247578
1330.992188	-49.350883
1329.931641	7.655466
1328.871094	19.417582
1327.810547	49.325218
1326.750000	11.405210
1325.688477	66.287254
1324.626953	-3.162906
1323.565430	-6.958329
1322.503906	16.437109
1321.441406	8.254852
1320.379883	79.223831
1319.317383	46.336021
1318.253906	22.575396
1317.191406	-53.017269
1316.127930	65.631996
1315.064453	-5.244977
1314.000977	-30.871067
1312.936523	49.631344
1311.873047	-9.623527
1310.808594	1.149742
1309.743164	34.569572
1308.678711	-22.061432
1307.613281	-13.207294
1306.547852	56.586754
1305.482422	31.879948
1304.416992	92.875519
1303.350586	16.642166
1302.284180	62.100487
1301.217773	35.645374
1300.151367	20.560467
1299.083984	43.825500
1298.016602	91.917587
1296.949219	83.879303
1295.881836	120.891869
1294.813477	77.076935
1293.745117	96.274025
1292.676758	12.215291
1291.608398	27.081499
1290.539063	12.825323
1289.469727	25.578932
1288.400391	15.946600
1287.331055	-22.792353
1286.260742	1.351751
1285.190430	23.291409
1284.120117	-24.243696
1283.049805	20.194023
1281.979492	-13.795813
1280.908203	28.447958
1279.836914	19.174215
1278.765625	7.687343
1277.693359	41.010479
1276.621094	-35.366184
1275.548828	-13.216778
1274.476563	22.353958
1273.404297	-27.106506
1272.331055	-27.338646
1271.257813	-11.925577
1270.184570	-34.540482
1269.110352	-1.279724
1268.036133	16.300684
1266.961914	36.080772
1265.887695	35.716938
1264.813477	71.049660
1263.738281	61.672890
1262.663086	38.861908
1261.587891	42.792862
1260.511719	-2.418038
1259.436523	3.638753
1258.360352	45.315674
1257.284180	35.621666
1256.207031	16.944025
1255.130859	76.203697
1254.053711	28.399628
1252.976563	2.808691
1251.898438	8.321585
1250.820313	36.004501
1249.743164	68.026764
1248.664063	37.610165
1247.585938	73.855675
1246.506836	-23.514967
1245.427734	10.277292
1244.348633	39.497372
1243.269531	1.900717
1242.189453	13.121937
1241.109375	-31.315458
1240.029297	21.934139
1238.949219	-0.451636
1237.868164	25.947107
1236.787109	-16.574034
1235.706055	20.762568
1234.625000	-6.347128
1233.542969	17.522203
1232.460938	12.481888
1231.378906	-5.919564
1230.296875	-15.495396
1229.213867	21.438028
1228.130859	-23.691879
1227.047852	19.792557
1225.964844	-1.020898
1224.880859	9.152300
1223.796875	-11.704792
1222.712891	-6.007260
1221.628906	-29.101587
1220.543945	-38.920872
1219.458984	-28.831741
1218.374023	12.215939
1217.289063	0.175134
1216.203125	10.253945
1215.118164	15.919376
1214.031250	41.485123
1212.945313	-5.848035
1211.858398	-17.794188
1210.772461	-40.746624
1209.684570	-21.706791
1208.597656	12.815262
1207.509766	67.226044
1206.422852	-6.308164
1205.333984	79.064323
1204.246094	85.062752
1203.157227	55.841972
1202.069336	61.970848
1200.979492	68.167534
1199.890625	54.606956
1198.800781	98.407516
1197.711914	36.558990
1196.621094	5.654618
1195.531250	80.524979
1194.440430	104.840370
1193.349609	34.631710
1192.258789	19.560656
1191.167969	22.204699
1190.076172	-3.619619
1188.984375	45.436134
1187.892578	6.680465
1186.800781	14.213472
1185.708008	59.212070
1184.615234	16.449080
1183.522461	41.888874
1182.429688	80.594398
1181.335938	90.849228
1180.242188	72.666183
1179.148438	74.325600
1178.053711	58.522163
1176.959961	66.924744
1175.865234	60.051170
1174.770508	18.177404
1173.674805	11.450008
1172.579102	-6.171988
1171.484375	-8.403152
1170.387695	13.506620
1169.291992	26.687540
1168.195313	24.577492
1167.098633	0.614013
1166.001953	44.513248
1164.904297	3.102773
1163.807617	38.267117
1162.709961	-24.965240
1161.611328	-20.397934
1160.513672	54.098450
1159.415039	-6.913920
1158.316406	58.789074
1157.217773	85.131615
1156.118164	39.384850
1155.019531	43.836323
1153.918945	43.890026
1152.819336	78.813370
1151.719727	50.410835
1150.619141	41.601006
1149.518555	54.543392
1148.416992	56.519119
1147.316406	71.501282
1146.214844	49.361168
1145.113281	66.365730
1144.011719	15.758494
1142.909180	-34.914410
1141.806641	-29.056812
1140.704102	0.638839
1139.601563	-17.659376
1138.498047	-1.251615
1137.394531	-26.295956
1136.291016	-18.834169
1135.186523	21.106672
1134.083008	4.380333
1132.978516	59.233337
1131.874023	74.808235
1130.768555	114.117279
1129.664063	98.960510
1128.558594	53.256973
1127.452148	55.174004
1126.346680	69.962936
1125.240234	73.754227
1124.133789	70.899170
1123.027344	61.407940
1121.919922	45.289753
1120.813477	42.064754
1119.706055	21.388069
1118.597656	-5.889858
1117.490234	-15.929470
1116.381836	-0.076456
1115.273438	-29.792309
1114.165039	20.510185
1113.055664	7.945302
1111.946289	97.001953
1110.836914	6.403164
1109.727539	28.239706
1108.617188	11.085296
1107.506836	-32.055920
1106.396484	34.994675
1105.286133	-23.349211
1104.174805	63.028008
1103.063477	28.389832
1101.952148	4.537203
1100.839844	23.847315
1099.728516	-2.187355
1098.616211	8.459943
1097.502930	-2.475647
1096.390625	57.769958
1095.277344	-4.912413
1094.164063	-0.724548
1093.050781	27.188175
1091.936523	33.563271
1090.822266	50.737144
1089.708008	27.017559
1088.593750	89.481682
1087.479492	108.909019
1086.364258	167.120239
1085.249023	169.417068
1084.132813	171.776154
1083.017578	144.094971
1081.901367	155.207016
1080.784180	127.698120
1079.667969	85.245911
1078.550781	70.840576
1077.433594	47.948242
1076.316406	55.241589
1075.199219	60.495518
1074.081055	52.982193
1072.962891	19.839170
1071.844727	-23.889099
1070.725586	-5.248154
1069.606445	-10.076718
1068.487305	38.835369
1067.368164	36.396759
1066.248047	8.359828
1065.127930	55.454845
1064.007813	4.091301
1062.887695	49.247345
1061.766602	30.246536
1060.645508	34.906979
1059.524414	1.136070
1058.403320	35.953278
1057.281250	-25.428848
1056.159180	-5.415658
1055.037109	-8.851528
1053.914063	-3.653716
1052.791992	5.891089
1051.667969	15.505209
1050.544922	8.089679
1049.421875	-31.298340
1048.297852	1.999733
1047.173828	1.178506
1046.048828	-59.354889
1044.924805	3.959233
1043.799805	-22.317905
1042.674805	6.916243
1041.548828	44.705048
1040.422852	54.792507
1039.296875	86.219467
1038.170898	47.331921
1037.044922	80.922119
1035.917969	135.815872
1034.791016	101.255066
1033.664063	171.044037
1032.536133	228.035736
1031.408203	280.745850
1030.280273	284.493652
1029.152344	205.275711
1028.023438	155.857574
1026.894531	168.104813
1025.765625	76.171700
1024.636719	71.388657
1023.506836	47.460564
1022.376953	0.146840
1021.247070	1.664059
1020.116211	-1.103433
1018.985352	6.700461
1017.854492	14.453499
1016.723633	0.934807
1015.591797	12.822549
1014.460938	54.333988
1013.328125	-25.086914
1012.196289	20.524107
1011.063477	-22.959126
1009.930664	62.755180
1008.797852	142.011307
1007.665039	163.989410
1006.531250	204.952957
1005.397461	353.793304
1004.263672	682.389893
1003.128906	917.684265
1001.994141	1224.734741
1000.859375	1237.633423
999.724609	1020.016785
998.588867	690.420471
997.453125	426.442749
996.317383	261.844208
995.181641	122.625778
994.044922	112.251755
992.908203	125.065948
991.771484	108.282532
990.633789	121.014061
989.496094	70.407082
988.358398	68.304420
987.220703	97.802841
986.082031	47.136971
984.943359	-14.074833
983.804688	25.869278
982.666016	25.736591
981.526367	23.472410
980.386719	33.821415
979.247070	23.089346
978.106445	39.706444
976.965820	14.207979
975.825195	-19.711325
974.684570	-19.974363
973.542969	17.602785
972.401367	-35.256863
971.259766	14.896186
970.118164	1.971799
968.975586	14.258611
967.833008	-4.973562
966.690430	-15.800190
965.546875	-1.429168
964.403320	-20.650105
963.259766	14.702133
962.116211	5.981335
960.971680	28.733103
959.828125	-9.334898
958.682617	61.646156
957.538086	8.933366
956.392578	14.934114
955.247070	-56.574512
954.101563	45.820278
952.955078	-17.255943
951.808594	18.112291
950.662109	-36.530987
949.515625	21.865278
948.368164	30.029276
947.220703	13.094936
946.073242	31.723047
944.925781	14.802484
943.777344	2.070724
942.628906	6.061328
941.480469	-10.845561
940.331055	1.492913
939.181641	-0.799055
938.032227	9.427899
936.882813	-15.844154
935.732422	23.573742
934.582031	2.456190
933.431641	56.421730
932.280273	16.504547
931.128906	18.282988
929.977539	5.448700
928.826172	-34.492996
927.673828	38.060051
926.521484	8.491302
925.369141	39.296482
924.216797	-0.727898
923.063477	-9.545404
921.910156	-28.797821
920.756836	1.852431
919.602539	-11.228904
918.448242	38.038944
917.293945	-10.469159
916.139648	-9.115224
914.984375	-63.913479
913.829102	-31.479435
912.673828	-61.420044
911.517578	4.120511
910.361328	-13.463828
909.205078	20.792921
908.048828	7.250599
906.891602	10.251098
905.734375	-3.403330
904.577148	28.504271
903.419922	64.478088
902.261719	-15.697644
901.103516	26.349472
899.945313	-8.343361
898.786133	-30.666777
897.626953	2.852805
896.467773	5.228045
895.307617	11.662159
894.148438	9.741604
892.988281	22.227610
891.827148	11.885364
890.666992	20.090986
889.505859	-2.782079
888.344727	28.028229
887.182617	-11.488970
886.021484	-1.464263
884.859375	16.761345
883.697266	-12.561956
882.534180	-8.892652
881.371094	7.112625
880.208008	8.625329
879.044922	14.223777
877.880859	7.407432
876.716797	39.735817
875.552734	10.178188
874.387695	-17.334171
873.223633	-16.010725
872.057617	28.543558
870.892578	-13.434104
869.726563	-18.349600
868.560547	26.126366
867.394531	2.659900
866.228516	20.346430
865.061523	15.391960
863.894531	41.285801
862.727539	52.777569
861.559570	-1.508935
860.391602	-14.661714
859.223633	9.183838
858.054688	-24.482826
856.886719	-27.311357
855.717773	10.940064
854.547852	20.458319
853.378906	-0.780919
852.208984	16.996834
851.039063	-18.530407
849.868164	15.712871
848.697266	49.977821
847.526367	-34.610977
846.355469	-4.363454
845.183594	27.963543
844.011719	-5.216054
842.839844	57.914421
841.667969	-7.902098
840.495117	22.565470
839.322266	22.387756
838.149414	89.784752
836.975586	12.003975
835.801758	30.432682
834.627930	85.717148
833.453125	100.164612
832.279297	-7.925776
831.104492	35.266045
829.928711	98.922379
828.753906	17.641123
827.578125	7.905440
826.402344	-18.092890
825.225586	-25.657978
824.048828	-12.763310
822.872070	6.299619
821.695313	-15.369822
820.517578	62.906925
819.339844	-62.595108
818.162109	-18.877012
816.984375	-17.905825
815.805664	-10.777180
814.626953	35.079922
813.447266	54.499733
812.268555	51.571236
811.088867	-12.348067
809.909180	15.338724
808.728516	10.516843
807.547852	15.903596
806.367188	39.620804
805.186523	32.883610
804.004883	56.660931
802.823242	52.027111
801.641602	67.736961
800.458984	67.231529
799.276367	111.411728
798.093750	145.456192
796.911133	90.251564
795.727539	69.581886
794.543945	113.837158
793.360352	101.334923
792.175781	117.238556
790.991211	82.501816
789.806641	39.701477
788.622070	61.752979
787.436523	81.789558
786.250977	124.103325
785.065430	71.294189
783.878906	2.340251
782.692383	34.578693
781.505859	-8.012362
780.319336	4.021411
779.131836	-14.259803
777.944336	-40.605064
776.755859	30.055016
775.568359	23.933819
774.379883	-10.445504
773.190430	5.678339
772.001953	5.658261
770.812500	9.686601
769.623047	3.637764
768.433594	21.809023
767.243164	-18.495684
766.052734	-40.623238
764.862305	23.943855
763.670898	42.146095
762.479492	52.294964
761.288086	12.099359
760.096680	24.292524
758.904297	28.441845
757.711914	16.502371
756.518555	40.803593
755.326172	59.072815
754.132813	51.203003
752.939453	11.180599
751.745117	1.347655
750.550781	19.672575
749.356445	11.884156
748.162109	-13.963245
746.966797	40.552193
745.771484	8.721151
744.576172	-17.055212
743.379883	11.384471
742.183594	3.713224
740.987305	32.170036
739.791016	-31.618164
738.593750	38.974346
737.396484	-8.711315
736.198242	-68.378319
735.000977	-7.788588
733.802734	20.743856
732.603516	-28.815500
731.405273	55.804817
730.206055	4.299505
729.006836	8.869377
727.806641	-4.546956
726.607422	-3.935836
725.407227	18.692608
724.206055	7.346888
723.005859	-11.967067
721.804688	-29.250921
720.603516	33.403049
719.401367	-5.808639
718.199219	20.907537
716.997070	1.710490
715.794922	10.472089
714.591797	53.154408
713.388672	16.025061
712.185547	6.830052
710.981445	47.477596
709.777344	60.186348
708.573242	33.015285
707.368164	43.692268
706.164063	70.273209
704.958984	60.967262
703.752930	135.251343
702.546875	129.843796
701.340820	124.396492
700.134766	160.684082
698.928711	113.365425
697.721680	161.463272
696.513672	112.065277
695.306641	136.165894
694.098633	126.406708
692.890625	126.512405
691.682617	98.735641
690.473633	120.531334
689.264648	158.111618
688.055664	52.688740
686.845703	101.987274
685.635742	75.782791
684.425781	95.101189
683.214844	72.664932
682.004883	109.594719
680.792969	59.191681
679.582031	54.261749
678.370117	98.727646
677.158203	-1.520732
675.946289	46.632164
674.733398	21.385849
673.520508	-11.907249
672.307617	-15.656323
671.094727	21.979921
669.880859	51.529732
668.666992	-13.989285
667.452148	9.296302
666.238281	42.281761
665.022461	-15.800635
663.807617	28.668335
662.591797	39.362198
661.376953	20.256096
660.160156	-28.623135
658.944336	-24.357031
657.727539	21.193754
656.510742	1.526546
655.292969	-12.315474
654.075195	15.166682
652.857422	-8.659642
651.639648	-10.840004
650.420898	49.990189
649.202148	51.714787
647.983398	63.303299
646.763672	49.335953
645.543945	-31.469345
644.324219	35.393330
643.104492	23.649633
641.883789	82.817001
640.663086	73.289200
639.441406	103.230522
638.220703	143.163239
636.998047	116.480133
635.776367	158.769592
634.553711	87.394043
633.332031	47.721878
632.108398	78.995216
630.885742	49.730843
629.662109	50.222111
628.438477	3.986882
627.213867	7.148117
625.989258	53.810188
624.764648	55.778152
623.540039	69.920303
622.314453	121.711563
621.088867	181.771317
619.863281	130.693802
618.636719	76.230629
617.410156	24.273512
616.183594	13.966293
614.956055	23.788752
613.728516	-32.289818
612.500977	-38.865528
611.273438	29.452274
610.044922	0.693977
608.816406	-21.523272
607.586914	40.939354
606.357422	-38.447422
605.127930	-9.708624
603.898438	49.037880
