1714.818359	9.847252
1713.839844	41.776123
1712.861328	14.685145
1711.882813	-46.738865
1710.903320	21.787210
1709.924805	-17.580318
1708.945313	14.123527
1707.965820	-20.354307
1706.985352	26.006306
1706.005859	18.451933
1705.025391	-3.805979
1704.044922	-8.932595
1703.064453	15.299671
1702.083984	-24.118835
1701.103516	22.095869
1700.122070	-27.123169
1699.140625	16.596369
1698.159180	-17.961838
1697.177734	18.372303
1696.195313	0.904700
1695.212891	24.969524
1694.230469	41.678761
1693.248047	4.627373
1692.265625	-49.520103
1691.282227	-8.439966
1690.299805	35.047714
1689.316406	54.094189
1688.333008	-2.527104
1687.348633	-10.351109
1686.365234	-13.310865
1685.380859	12.975518
1684.396484	56.299671
1683.412109	48.399071
1682.426758	40.483128
1681.441406	-13.742413
1680.457031	19.734541
1679.471680	33.694164
1678.485352	6.232952
1677.500000	12.848413
1676.513672	-7.332884
1675.527344	52.781693
1674.541016	-6.366593
1673.554688	51.251610
1672.567383	21.272711
1671.581055	39.917595
1670.593750	77.982277
1669.606445	-0.653632
1668.618164	-20.957619
1667.630859	65.625465
1666.642578	40.417168
1665.654297	44.340641
1664.666016	45.813587
1663.676758	5.996722
1662.688477	51.120678
1661.699219	8.850257
1660.709961	49.059261
1659.720703	6.763731
1658.730469	44.487183
1657.740234	40.957001
1656.750977	42.255081
1655.759766	55.645721
1654.769531	18.128084
1653.779297	19.364815
1652.788086	32.690434
1651.796875	14.513507
1650.805664	39.904121
1649.814453	2.336895
1648.822266	27.687798
1647.830078	7.045400
1646.837891	13.007500
1645.845703	-46.341660
1644.853516	0.712539
1643.860352	-41.707462
1642.867188	12.559176
1641.874023	49.881802
1640.880859	-11.868717
1639.886719	18.186516
1638.893555	-2.485503
1637.899414	25.136063
1636.905273	40.675961
1635.910156	-4.125951
1634.916016	1.764355
1633.920898	-11.645098
1632.925781	3.897700
1631.930664	-7.085861
1630.935547	6.050424
1629.939453	14.367012
1628.943359	-3.819465
1627.947266	6.924067
1626.951172	39.354111
1625.954102	23.614845
1624.958008	5.489120
1623.960938	-39.095978
1622.963867	-23.475307
1621.966797	-0.624906
1620.968750	-18.665699
1619.970703	4.211399
1618.972656	-6.567736
1617.974609	-7.702832
1616.976563	12.820247
1615.977539	-31.531233
1614.978516	3.454667
1613.979492	16.832064
1612.980469	-17.804029
1611.981445	38.853436
1610.981445	13.889853
1609.981445	68.178467
1608.981445	84.080780
1607.981445	107.208710
1606.980469	166.343643
1605.980469	146.347977
1604.979492	253.480377
1603.977539	269.510193
1602.976563	235.242218
1601.974609	244.162781
1600.973633	217.186554
1599.971680	183.079788
1598.968750	165.795959
1597.966797	153.354965
1596.963867	102.666687
1595.960938	85.551888
1594.958008	44.561886
1593.955078	70.615280
1592.951172	77.565460
1591.948242	60.640587
1590.944336	89.185143
1589.940430	36.486721
1588.935547	36.419662
1587.930664	31.607782
1586.926758	69.826515
1585.921875	60.295181
1584.916016	160.631317
1583.911133	124.880959
1582.905273	113.038132
1581.899414	117.927216
1580.893555	122.836006
1579.887695	91.985031
1578.880859	46.857754
1577.874023	16.071423
1576.867188	23.452160
1575.860352	16.544104
1574.853516	-21.324064
1573.845703	-18.668831
1572.837891	34.008686
1571.830078	-3.813723
1570.822266	1.236748
1569.813477	39.611031
1568.804688	6.580923
1567.795898	25.906067
1566.787109	47.599770
1565.778320	-2.063741
1564.768555	36.261776
1563.758789	53.169823
1562.749023	-8.367128
1561.739258	48.918308
1560.729492	39.649666
1559.718750	11.370324
1558.708008	68.573906
1557.697266	87.749908
1556.685547	106.898994
1555.674805	42.959782
1554.663086	123.754753
1553.651367	107.234634
1552.639648	78.837471
1551.626953	40.940243
1550.614258	36.218002
1549.602539	-18.305775
1548.588867	-1.751414
1547.576172	47.928310
1546.562500	0.438289
1545.549805	33.444931
1544.536133	45.089268
1543.521484	42.484192
1542.507813	32.736889
1541.493164	53.707138
1540.478516	24.944321
1539.463867	78.922043
1538.449219	61.889553
1537.433594	42.450382
1536.417969	-0.664519
1535.402344	1.090040
1534.386719	-11.377047
1533.371094	25.719887
1532.354492	8.441916
1531.337891	7.656886
1530.321289	-16.773485
1529.304688	-10.551931
1528.287109	12.145357
1527.269531	27.719530
1526.251953	45.610619
1525.234375	-2.564347
1524.216797	15.259668
1523.198242	40.115368
1522.179688	8.374346
1521.161133	-9.245222
1520.142578	-10.395587
1519.123047	30.818222
1518.103516	-5.708520
1517.083984	7.191580
1516.064453	-22.298273
1515.044922	14.088374
1514.024414	52.792118
1513.003906	-2.617769
1511.983398	12.524774
1510.962891	41.752071
1509.941406	-8.963957
1508.919922	36.679123
1507.898438	30.603540
1506.876953	36.266369
1505.855469	-42.626049
1504.833008	42.865822
1503.810547	-17.227011
1502.788086	2.499189
1501.764648	-8.290462
1500.742188	-26.113062
1499.718750	7.671512
1498.695313	1.579400
1497.671875	7.215450
1496.647461	-3.554883
1495.624023	11.464660
1494.599609	12.426515
1493.574219	-0.658923
1492.549805	28.427820
1491.524414	-19.754698
1490.500000	-51.515675
1489.474609	54.836071
1488.448242	37.140789
1487.422852	35.847687
1486.396484	15.861604
1485.370117	33.319118
1484.343750	-26.360449
1483.316406	5.167140
1482.290039	6.326783
1481.262695	37.884438
1480.235352	20.401785
1479.208008	70.681152
1478.179688	15.894477
1477.151367	14.849702
1476.123047	11.498044
1475.094727	68.842415
1474.066406	72.531342
1473.037109	80.908157
1472.007813	40.336815
1470.978516	69.749374
1469.948242	75.864143
1468.918945	23.741339
1467.888672	69.519119
1466.858398	103.653557
1465.828125	26.009924
1464.796875	60.183975
1463.765625	103.676941
1462.735352	79.679665
1461.703125	55.713150
1460.671875	96.916931
1459.639648	107.886848
1458.607422	114.221687
1457.575195	132.198029
1456.542969	161.807968
1455.509766	168.185425
1454.477539	183.872711
1453.444336	169.374176
1452.410156	140.965530
1451.376953	114.909065
1450.342773	191.020294
1449.308594	132.506363
1448.274414	166.848175
1447.240234	215.110321
1446.205078	216.980331
1445.169922	216.546188
1444.134766	250.902313
1443.099609	174.002106
1442.063477	206.063980
1441.028320	201.056763
1439.992188	196.065079
1438.955078	274.458405
1437.918945	250.956161
1436.881836	271.458130
1435.844727	303.534729
1434.807617	231.487137
1433.770508	221.941589
1432.732422	212.410950
1431.695313	165.897873
1430.656250	209.575653
1429.618164	167.725693
1428.580078	174.430145
1427.541016	162.658081
1426.501953	125.491714
1425.462891	81.421730
1424.422852	83.554672
1423.383789	134.168396
1422.343750	78.608162
1421.303711	30.000378
1420.262695	22.941290
1419.222656	15.889189
1418.181641	-11.909174
1417.140625	29.464788
1416.098633	-0.627456
1415.057617	-3.056129
1414.015625	35.982170
1412.973633	-17.131401
1411.931641	-1.143079
1410.888672	35.552963
1409.846680	-40.561657
1408.803711	23.726627
1407.760742	-22.460346
1406.716797	-13.431458
1405.673828	-50.414318
1404.629883	2.277155
1403.585938	31.943117
1402.541016	36.299042
1401.497070	-5.319655
1400.452148	12.790147
1399.407227	33.168945
1398.362305	5.296076
1397.316406	0.370496
1396.270508	-6.871933
1395.224609	4.221950
1394.178711	22.167545
1393.132813	17.140108
1392.085938	12.085779
1391.039063	-13.631292
1389.992188	22.522480
1388.945313	5.917291
1387.897461	-1.549972
1386.849609	25.312094
1385.801758	-16.581827
1384.753906	23.935825
1383.705078	-18.017080
1382.657227	-23.371469
1381.608398	62.764107
1380.558594	50.445023
1379.509766	79.257973
1378.459961	14.255301
1377.410156	-21.044804
1376.360352	19.051882
1375.310547	56.796101
1374.259766	-8.341646
1373.208984	-4.975803
1372.158203	-1.665084
1371.107422	19.855165
1370.055664	18.481207
1369.003906	23.896942
1367.952148	52.068737
1366.900391	32.261852
1365.847656	-19.529589
1364.794922	19.848248
1363.742188	-6.967852
1362.689453	89.242462
1361.636719	73.691658
1360.583008	28.471663
1359.529297	67.493927
1358.475586	-18.799038
1357.420898	-11.756414
1356.367188	-2.481992
1355.312500	-38.767609
1354.257813	11.385653
1353.202148	25.086868
1352.147461	-29.471754
1351.091797	16.010727
1350.036133	-43.116898
1348.979492	-15.874772
1347.923828	56.787643
1346.867188	11.275413
1345.810547	13.471954
1344.753906	-13.855423
1343.696289	45.096066
1342.638672	29.124424
1341.581055	-0.448100
1340.523438	13.109376
1339.464844	28.941854
1338.407227	31.181416
1337.348633	24.371225
1336.290039	1.722762
1335.230469	83.358307
1334.170898	44.907471
1333.112305	17.838463
1332.051758	36.112854
1330.992188	52.160931
1329.931641	47.874702
1328.871094	-6.148920
1327.810547	32.678459
1326.750000	48.925579
1325.688477	17.730610
1324.626953	20.534452
1323.565430	-17.285610
1322.503906	35.394108
1321.441406	15.815936
1320.379883	9.884518
1319.317383	-20.805983
1318.253906	-6.230202
1317.191406	-20.917498
1316.127930	27.700006
1315.064453	-16.129354
1314.000977	-14.710404
1312.936523	-4.161647
1311.873047	56.109814
1310.808594	44.318577
1309.743164	41.668877
1308.678711	43.651360
1307.613281	70.545692
1306.547852	25.471796
1305.482422	5.327330
1304.416992	7.846177
1303.350586	21.754364
1302.284180	11.027805
1301.217773	72.438248
1300.151367	16.955633
1299.083984	114.562218
1298.016602	99.800209
1296.949219	136.860901
1295.881836	36.895550
1294.813477	38.199215
1293.745117	158.672455
1292.676758	11.878602
1291.608398	96.544907
1290.539063	44.295204
1289.469727	23.569921
1288.400391	-26.250895
1287.331055	4.790688
1286.260742	-2.253647
1285.190430	-4.752845
1284.120117	-16.168055
1283.049805	-2.871745
1281.979492	-11.951285
1280.908203	1.420772
1279.836914	75.306801
1278.765625	-43.429585
1277.693359	37.206108
1276.621094	-29.932108
1275.548828	-34.354843
1274.476563	37.317913
1273.404297	17.236681
1272.331055	-0.595974
1271.257813	8.410213
1270.184570	28.582382
1269.110352	-22.793983
1268.036133	15.224583
1266.961914	1.815185
1265.887695	8.487872
1264.813477	70.956612
1263.738281	17.258755
1262.663086	8.188066
1261.587891	-14.315911
1260.511719	83.628868
1259.436523	45.394817
1258.360352	4.888391
1257.284180	2.240164
1256.207031	24.046093
1255.130859	39.078712
1254.053711	82.993408
1252.976563	51.058918
1251.898438	59.141026
1250.820313	11.455134
1249.743164	70.550926
1248.664063	42.712612
1247.585938	1.424392
1246.506836	46.808083
1245.427734	16.431225
1244.348633	30.432915
1243.269531	-29.046846
1242.189453	49.210892
1241.109375	47.332188
1240.029297	20.919878
1238.949219	18.862877
1237.868164	-34.358036
1236.787109	32.258324
1235.706055	23.292768
1234.625000	-3.497792
1233.542969	0.716219
1232.460938	9.298295
1231.378906	-6.581929
1230.296875	-20.296261
1229.213867	-5.240541
1228.130859	16.406923
1227.047852	-10.749590
1225.964844	24.092741
1224.880859	3.510291
1223.796875	69.261650
1222.712891	57.469593
1221.628906	-18.529528
1220.543945	5.060545
1219.458984	-6.774900
1218.374023	10.135328
1217.289063	33.662498
1216.203125	-9.151851
1215.118164	-14.371660
1214.031250	-15.167503
1212.945313	28.231659
1211.858398	64.995567
1210.772461	15.633363
1209.684570	56.833935
1208.597656	64.930092
1207.509766	39.947300
1206.422852	87.818398
1205.333984	69.527679
1204.246094	102.009651
1203.157227	143.341019
1202.069336	129.593918
1200.979492	49.789658
1199.890625	56.010883
1198.800781	99.739952
1197.711914	103.872528
1196.621094	147.707382
1195.531250	125.555527
1194.440430	140.907745
1193.349609	63.919754
1192.258789	94.848824
1191.167969	44.477840
1190.076172	40.403015
1188.984375	111.176079
1187.892578	74.324020
1186.800781	70.553177
1185.708008	128.397614
1184.615234	100.650818
1183.522461	143.276810
1182.429688	148.648010
1181.335938	112.396782
1180.242188	155.239563
1179.148438	134.512955
1178.053711	116.060234
1176.959961	73.557693
1175.865234	55.253880
1174.770508	78.662209
1173.674805	73.625450
1172.579102	13.865702
1171.484375	54.936390
1170.387695	6.243377
1169.291992	-13.930655
1168.195313	49.118046
1167.098633	9.307172
1166.001953	17.672359
1164.904297	1.991629
1163.807617	25.695808
1162.709961	34.095280
1161.611328	-16.523464
1160.513672	9.371978
1159.415039	120.468643
1158.316406	80.777031
1157.217773	73.851250
1156.118164	121.501366
1155.019531	101.434044
1153.918945	55.163940
1152.819336	87.435829
1151.719727	38.942871
1150.619141	40.598606
1149.518555	50.932686
1148.416992	-39.064964
1147.316406	-17.918903
1146.214844	59.817703
1145.113281	-17.218117
1144.011719	-7.162172
1142.909180	2.820879
1141.806641	32.318707
1140.704102	0.781006
1139.601563	-22.121099
1138.498047	-21.168116
1137.394531	-2.907005
1136.291016	0.027195
1135.186523	22.426456
1134.083008	18.626276
1132.978516	95.122505
1131.874023	110.636719
1130.768555	126.025047
1129.664063	95.678864
1128.558594	128.184296
1127.452148	86.753418
1126.346680	92.967003
1125.240234	55.672478
1124.133789	61.668396
1123.027344	80.568382
1121.919922	53.827576
1120.813477	24.834919
1119.706055	8.764739
1118.597656	33.778286
1117.490234	8.874802
1116.381836	46.704784
1115.273438	54.128181
1114.165039	29.005350
1113.055664	73.077316
1111.946289	-21.410788
1110.836914	-20.736858
1109.727539	16.645508
1108.617188	6.388655
1107.506836	-8.235633
1106.396484	9.520042
1105.286133	33.709045
1104.174805	81.611336
1103.063477	43.070786
1101.952148	60.659199
1100.839844	52.309128
1099.728516	82.792267
1098.616211	1.041914
1097.502930	31.491802
1096.390625	55.451302
1095.277344	51.363377
1094.164063	25.720276
1093.050781	51.819721
1091.936523	58.521572
1090.822266	99.701515
1089.708008	110.726860
1088.593750	138.994583
1087.479492	150.052414
1086.364258	174.047150
1085.249023	204.519974
1084.132813	211.351120
1083.017578	239.730743
1081.901367	201.482712
1080.784180	156.852280
1079.667969	170.330124
1078.550781	130.138992
1077.433594	94.326324
1076.316406	65.041214
1075.199219	115.293167
1074.081055	73.282516
1072.962891	42.103390
1071.844727	19.606598
1070.725586	61.568867
1069.606445	86.440956
1068.487305	57.778233
1067.368164	48.507973
1066.248047	56.471149
1065.127930	64.511177
1064.007813	66.198830
1062.887695	142.929291
1061.766602	91.214088
1060.645508	43.877480
1059.524414	50.144413
1058.403320	28.658304
1057.281250	15.807180
1056.159180	24.416698
1055.037109	-39.621811
1053.914063	20.432558
1052.791992	-13.530224
1051.667969	-15.364367
1050.544922	-23.551912
1049.421875	-27.410069
1048.297852	-14.130250
1047.173828	1.328155
1046.048828	-36.534660
1044.924805	8.891615
1043.799805	1.003622
1042.674805	23.023497
1041.548828	53.604160
1040.422852	20.247629
1039.296875	87.125183
1038.170898	68.763817
1037.044922	116.490379
1035.917969	153.575531
1034.791016	171.505585
1033.664063	272.487640
1032.536133	247.861435
1031.408203	236.037445
1030.280273	279.556702
1029.152344	223.100128
1028.023438	232.611862
1026.894531	174.097610
1025.765625	111.371437
1024.636719	38.058891
1023.506836	71.021675
1022.376953	10.512824
1021.247070	17.993216
1020.116211	-10.620403
1018.985352	32.950203
1017.854492	-21.121517
1016.723633	-15.764904
1015.591797	-4.052055
1014.460938	47.939556
1013.328125	12.970622
1012.196289	22.518965
1011.063477	76.555145
1009.930664	79.704056
1008.797852	118.848824
1007.665039	119.843079
1006.531250	294.439606
1005.397461	473.175262
1004.263672	736.465149
1003.128906	1128.682251
1001.994141	1491.089355
1000.859375	1453.618530
999.724609	1143.406738
998.588867	799.505005
997.453125	476.882538
996.317383	304.406311
995.181641	216.489243
994.044922	99.033722
992.908203	89.296883
991.771484	1.448169
990.633789	76.124207
989.496094	133.871445
988.358398	77.670029
987.220703	6.717232
986.082031	70.720131
984.943359	48.253471
983.804688	27.888968
982.666016	-0.909634
981.526367	12.418442
980.386719	63.630924
979.247070	89.537872
978.106445	10.169191
976.965820	12.895022
975.825195	11.394867
974.684570	-13.259748
973.542969	-21.095425
972.401367	13.105381
971.259766	-3.175279
970.118164	35.173553
968.975586	44.073151
967.833008	25.643887
966.690430	-7.494979
965.546875	-19.640299
964.403320	-23.401939
963.259766	58.861088
962.116211	59.242161
960.971680	-13.810522
959.828125	-15.547027
958.682617	37.210888
957.538086	3.984063
956.392578	58.770084
955.247070	71.608444
954.101563	6.919704
952.955078	15.536673
951.808594	9.473028
950.662109	13.856092
949.515625	32.863049
948.368164	39.284378
947.220703	12.210902
946.073242	-0.237198
944.925781	-41.976002
943.777344	-14.745279
942.628906	12.444197
941.480469	12.431290
940.331055	-0.144392
939.181641	43.637478
938.032227	37.259983
936.882813	12.066685
935.732422	-15.235721
934.582031	-19.611267
933.431641	19.781162
932.280273	19.496859
931.128906	-12.097858
929.977539	39.656784
928.826172	20.496315
927.673828	-4.946415
926.521484	13.321133
925.369141	12.795833
924.216797	3.899364
923.063477	13.694482
921.910156	-47.311668
920.756836	28.971779
919.602539	-9.225060
918.448242	-12.102206
917.293945	-27.501352
916.139648	-1.374725
914.984375	-6.482250
913.829102	34.064472
912.673828	18.459755
911.517578	21.495419
910.361328	30.702078
909.205078	46.074341
908.048828	32.331295
906.891602	1.938825
905.734375	-13.980536
904.577148	-0.923090
903.419922	61.820488
902.261719	0.115464
901.103516	8.827310
899.945313	48.544621
898.786133	38.469288
897.626953	42.826561
896.467773	36.763439
895.307617	3.727861
894.148438	12.025834
892.988281	40.940708
891.827148	28.414619
890.666992	34.446022
889.505859	44.550274
888.344727	35.994808
887.182617	10.859733
886.021484	4.280601
884.859375	36.895473
883.697266	-27.593466
882.534180	-48.746136
881.371094	41.516140
880.208008	47.103500
879.044922	-0.979246
877.880859	68.478989
876.716797	-0.267870
875.552734	-9.230090
874.387695	29.185020
873.223633	18.113510
872.057617	19.382803
870.892578	45.349613
869.726563	3.343982
868.560547	-3.660408
867.394531	-12.728498
866.228516	17.292551
865.061523	16.438852
863.894531	58.769821
862.727539	0.339242
861.559570	-27.229843
860.391602	17.145369
859.223633	6.036730
858.054688	5.212772
856.886719	49.583218
855.717773	-8.705135
854.547852	-17.687307
853.378906	24.660597
852.208984	11.618117
851.039063	41.681858
849.868164	16.392666
848.697266	1.398531
847.526367	41.786591
846.355469	51.455933
845.183594	11.991227
844.011719	19.696194
842.839844	64.301285
841.667969	33.187271
840.495117	36.931080
839.322266	71.419952
838.149414	89.582787
836.975586	42.346203
835.801758	-0.718909
834.627930	29.889441
833.453125	-4.860628
832.279297	40.154457
831.104492	-14.892956
829.928711	20.004448
828.753906	14.107269
827.578125	4.185930
826.402344	-38.327705
825.225586	43.696987
824.048828	-29.292906
822.872070	-2.261594
821.695313	-1.693801
820.517578	-13.302891
819.339844	17.944946
818.162109	-34.303543
816.984375	7.227361
815.805664	3.988471
814.626953	43.560226
813.447266	68.916603
812.268555	33.263439
811.088867	-14.528564
809.909180	-1.224422
808.728516	46.694691
807.547852	29.583483
806.367188	59.280716
805.186523	-4.462742
804.004883	17.201756
802.823242	89.683739
801.641602	62.678654
800.458984	56.036667
799.276367	31.179213
798.093750	83.491005
796.911133	72.935684
795.727539	74.601921
794.543945	41.842976
793.360352	110.508606
792.175781	71.769371
790.991211	39.173443
789.806641	65.386536
788.622070	75.429726
787.436523	53.115993
786.250977	83.489998
785.065430	47.106564
783.878906	0.667694
782.692383	-7.270956
781.505859	-17.185268
780.319336	-18.964697
779.131836	9.620558
777.944336	-22.394381
776.755859	20.403458
775.568359	77.358925
774.379883	25.273460
773.190430	43.914585
772.001953	38.359074
770.812500	10.642192
769.623047	-6.941450
768.433594	38.042866
767.243164	18.505650
766.052734	25.215132
764.862305	54.119751
763.670898	16.537985
762.479492	41.451847
761.288086	42.206818
760.096680	79.228622
758.904297	-8.563294
757.711914	4.340153
756.518555	43.414089
755.326172	12.074101
754.132813	14.955613
752.939453	-0.247898
751.745117	-15.431452
750.550781	-2.460371
749.356445	46.680733
748.162109	65.673561
746.966797	2.322946
745.771484	63.493935
744.576172	-13.868948
743.379883	-12.923460
742.183594	42.194698
740.987305	9.025569
739.791016	40.043755
738.593750	28.940552
737.396484	-20.246954
736.198242	-29.336823
735.000977	-12.385766
733.802734	44.608765
732.603516	9.450075
731.405273	70.393089
730.206055	33.217876
729.006836	6.051042
727.806641	-9.114765
726.607422	7.709654
725.407227	16.509102
724.206055	-2.703606
723.005859	38.029572
721.804688	72.725739
720.603516	67.426392
719.401367	64.100655
718.199219	114.658737
716.997070	77.326302
715.794922	63.926670
714.591797	50.497444
713.388672	74.936302
712.185547	75.389862
710.981445	73.805656
709.777344	118.021996
708.573242	100.389053
707.368164	102.636810
706.164063	132.715057
704.958984	124.885307
703.752930	132.927368
702.546875	168.769455
701.340820	178.659988
700.134766	126.804756
698.928711	142.530487
697.721680	142.268143
696.513672	120.062477
695.306641	115.677917
694.098633	67.499840
692.890625	130.510635
691.682617	165.600143
690.473633	162.857529
689.264648	122.308189
688.055664	141.224731
686.845703	114.399803
685.635742	55.750454
684.425781	139.819031
683.214844	144.433411
682.004883	95.419701
680.792969	64.154579
679.582031	22.887693
678.370117	90.468948
677.158203	47.003040
675.946289	19.277348
674.733398	-28.352020
673.520508	10.986818
672.307617	0.719353
671.094727	19.995258
669.880859	3.533381
668.666992	22.528811
667.452148	17.657074
666.238281	-24.894579
665.022461	25.274277
663.807617	-25.450949
662.591797	-44.710579
661.376953	-38.445492
660.160156	28.852873
658.944336	-4.627912
657.727539	9.142181
656.510742	-6.764510
655.292969	12.751663
654.075195	-7.219358
652.857422	0.371397
651.639648	-19.644812
650.420898	7.615154
649.202148	17.152212
647.983398	34.590141
646.763672	52.064049
645.543945	8.592459
644.324219	61.622372
643.104492	57.687214
641.883789	51.900852
640.663086	95.397545
639.441406	111.505486
638.220703	117.951538
636.998047	93.144142
635.776367	117.652519
634.553711	54.010609
633.332031	57.380768
632.108398	35.487919
630.885742	-1.816543
629.662109	63.186100
628.438477	20.605474
627.213867	5.818090
625.989258	48.223682
624.764648	69.412643
623.540039	100.764496
622.314453	157.959305
621.088867	203.790039
619.863281	203.044037
618.636719	36.383900
617.410156	13.114544
616.183594	47.072422
614.956055	3.286649
613.728516	24.567625
612.500977	-67.004135
611.273438	-13.353683
610.044922	9.586284
608.816406	-11.821247
607.586914	10.360922
606.357422	-5.888264
605.127930	31.219248
603.898438	22.136976
