1714.818359	64.020287
1713.839844	73.210007
1712.861328	-23.060011
1711.882813	-23.522331
1710.903320	5.563022
1709.924805	0.449638
1708.945313	46.923660
1707.965820	-4.507099
1706.985352	49.534103
1706.005859	3.254397
1705.025391	-6.167100
1704.044922	16.349499
1703.064453	-22.229122
1702.083984	15.171448
1701.103516	-13.403797
1700.122070	-14.965637
1699.140625	-33.553566
1698.159180	-5.587141
1697.177734	-4.436844
1696.195313	-22.758017
1695.212891	7.880597
1694.230469	33.697124
1693.248047	10.724338
1692.265625	9.810305
1691.282227	4.079882
1690.299805	-11.347953
1689.316406	2.577784
1688.333008	-24.926117
1687.348633	20.822607
1686.365234	-1.690114
1685.380859	19.748270
1684.396484	38.784489
1683.412109	6.665339
1682.426758	11.153368
1681.441406	13.238051
1680.457031	-43.111542
1679.471680	7.754810
1678.485352	-11.991166
1677.500000	-39.010487
1676.513672	28.927647
1675.527344	40.881786
1674.541016	43.111038
1673.554688	28.320557
1672.567383	1.381696
1671.581055	25.518394
1670.593750	3.454735
1669.606445	10.562232
1668.618164	24.949217
1667.630859	51.467018
1666.642578	19.663515
1665.654297	-0.001697
1664.666016	36.164429
1663.676758	-7.815999
1662.688477	42.847229
1661.699219	23.090387
1660.709961	-1.544261
1659.720703	-33.482517
1658.730469	0.025696
1657.740234	16.504593
1656.750977	20.809744
1655.759766	54.143124
1654.769531	53.490459
1653.779297	-0.505583
1652.788086	22.974661
1651.796875	7.655393
1650.805664	33.453648
1649.814453	-8.574446
1648.822266	-2.228839
1647.830078	1.654557
1646.837891	49.038494
1645.845703	-36.647724
1644.853516	-25.616577
1643.860352	-7.372532
1642.867188	-1.252771
1641.874023	-12.080973
1640.880859	-27.765354
1639.886719	16.913507
1638.893555	-1.238236
1637.899414	-19.407602
1636.905273	25.169424
1635.910156	-9.936007
1634.916016	5.625771
1633.920898	-10.198690
1632.925781	10.145732
1631.930664	6.353616
1630.935547	-69.775787
1629.939453	13.198716
1628.943359	-12.314845
1627.947266	-37.825439
1626.951172	1.707647
1625.954102	21.951660
1624.958008	-18.010592
1623.960938	7.039786
1622.963867	-11.242973
1621.966797	13.798182
1620.968750	19.584663
1619.970703	-3.489727
1618.972656	9.525096
1617.974609	44.182121
1616.976563	6.720560
1615.977539	41.385059
1614.978516	49.617916
1613.979492	48.253555
1612.980469	3.674444
1611.981445	31.171919
1610.981445	49.074097
1609.981445	28.586203
1608.981445	70.525398
1607.981445	74.084038
1606.980469	171.220032
1605.980469	208.388168
1604.979492	291.128143
1603.977539	230.028305
1602.976563	260.066498
1601.974609	244.597870
1600.973633	253.131638
1599.971680	213.794937
1598.968750	160.146408
1597.966797	166.420197
1596.963867	151.190842
1595.960938	83.359985
1594.958008	58.669479
1593.955078	67.522072
1592.951172	45.318001
1591.948242	-10.314364
1590.944336	24.962084
1589.940430	74.601959
1588.935547	35.836647
1587.930664	18.625448
1586.926758	54.007240
1585.921875	70.300613
1584.916016	124.821732
1583.911133	122.057472
1582.905273	136.030289
1581.899414	121.390930
1580.893555	68.613602
1579.887695	101.751434
1578.880859	37.127625
1577.874023	3.549191
1576.867188	-18.074055
1575.860352	55.660431
1574.853516	-18.341867
1573.845703	31.579323
1572.837891	-1.861016
1571.830078	-6.696315
1570.822266	-23.417036
1569.813477	-4.413499
1568.804688	55.049709
1567.795898	31.229742
1566.787109	-44.899204
1565.778320	9.812361
1564.768555	-13.952412
1563.758789	-25.813520
1562.749023	-9.143209
1561.739258	-23.364195
1560.729492	14.689180
1559.718750	-13.773726
1558.708008	17.143225
1557.697266	64.666901
1556.685547	88.434219
1555.674805	88.458794
1554.663086	102.716759
1553.651367	88.499680
1552.639648	12.622029
1551.626953	38.728249
1550.614258	15.033620
1549.602539	-1.549094
1548.588867	12.670785
1547.576172	5.552079
1546.562500	3.161877
1545.549805	0.759649
1544.536133	22.020163
1543.521484	-25.388842
1542.507813	-15.996388
1541.493164	7.570807
1540.478516	0.356796
1539.463867	14.411379
1538.449219	18.980831
1537.433594	-4.841194
1536.417969	11.507243
1535.402344	44.370548
1534.386719	-5.488471
1533.371094	34.413258
1532.354492	24.687531
1531.337891	43.281208
1530.321289	40.605473
1529.304688	47.354889
1528.287109	-14.340739
1527.269531	-26.485292
1526.251953	-29.204937
1525.234375	-8.356805
1524.216797	12.469253
1523.198242	35.630630
1522.179688	30.491936
1521.161133	34.768124
1520.142578	-5.723066
1519.123047	15.022819
1518.103516	-1.921867
1517.083984	-9.452332
1516.064453	-5.220442
1515.044922	-33.940193
1514.024414	40.854626
1513.003906	28.587120
1511.983398	-2.493082
1510.962891	6.401307
1509.941406	-19.970493
1508.919922	10.064347
1507.898438	0.141504
1506.876953	25.454576
1505.855469	-24.396767
1504.833008	40.821716
1503.810547	23.849592
1502.788086	-14.238501
1501.764648	-24.153135
1500.742188	15.202734
1499.718750	17.015202
1498.695313	14.138885
1497.671875	8.921802
1496.647461	13.085459
1495.624023	-20.243814
1494.599609	49.534771
1493.574219	86.493744
1492.549805	-17.073664
1491.524414	-38.640480
1490.500000	7.696185
1489.474609	25.934765
1488.448242	-14.324985
1487.422852	13.284875
1486.396484	64.281075
1485.370117	3.020859
1484.343750	42.328148
1483.316406	-9.529980
1482.290039	39.133595
1481.262695	69.097061
1480.235352	40.662739
1479.208008	61.297184
1478.179688	74.930214
1477.151367	58.222118
1476.123047	74.207336
1475.094727	127.531158
1474.066406	68.863533
1473.037109	68.541069
1472.007813	65.896530
1470.978516	53.936783
1469.948242	109.586655
1468.918945	123.274025
1467.888672	104.344887
1466.858398	118.042656
1465.828125	155.030258
1464.796875	87.231339
1463.765625	89.303917
1462.735352	68.107521
1461.703125	98.116379
1460.671875	130.443390
1459.639648	148.805313
1458.607422	176.464508
1457.575195	178.541458
1456.542969	187.593445
1455.509766	219.882278
1454.477539	261.452515
1453.444336	200.800400
1452.410156	200.556580
1451.376953	242.106674
1450.342773	232.568985
1449.308594	285.697754
1448.274414	241.348114
1447.240234	173.817703
1446.205078	194.449524
1445.169922	256.809082
1444.134766	217.131927
1443.099609	216.871796
1442.063477	211.973221
1441.028320	246.458618
1439.992188	225.332275
1438.955078	271.368774
1437.918945	326.640930
1436.881836	333.271515
1435.844727	323.692230
1434.807617	247.009094
1433.770508	334.597198
1432.732422	336.564667
1431.695313	252.967239
1430.656250	174.020233
1429.618164	210.663651
1428.580078	240.348587
1427.541016	140.632675
1426.501953	161.058914
1425.462891	139.897202
1424.422852	81.791588
1423.383789	62.940037
1422.343750	78.700485
1421.303711	78.289406
1420.262695	70.943703
1419.222656	52.055065
1418.181641	37.770447
1417.140625	62.665859
1416.098633	52.961346
1415.057617	-7.450570
1414.015625	49.638474
1412.973633	72.134506
1411.931641	60.059380
1410.888672	-2.681336
1409.846680	54.277405
1408.803711	28.343243
1407.760742	16.202808
1406.716797	-32.760273
1405.673828	19.465076
1404.629883	21.058798
1403.585938	-18.751144
1402.541016	-12.604534
1401.497070	25.682438
1400.452148	22.574247
1399.407227	35.516972
1398.362305	-4.388495
1397.316406	10.792092
1396.270508	48.888855
1395.224609	70.875130
1394.178711	12.521366
1393.132813	27.561640
1392.085938	-12.476325
1391.039063	30.009336
1389.992188	-19.247974
1388.945313	-43.308983
1387.897461	65.497032
1386.849609	16.157314
1385.801758	-17.165846
1384.753906	25.050014
1383.705078	-24.361986
1382.657227	-11.993831
1381.608398	-38.571964
1380.558594	-72.043274
1379.509766	-2.613484
1378.459961	-11.006448
1377.410156	40.004272
1376.360352	36.091587
1375.310547	27.566345
1374.259766	41.846340
1373.208984	-7.884009
1372.158203	51.981125
1371.107422	29.576628
1370.055664	20.829397
1369.003906	48.553711
1367.952148	80.780571
1366.900391	5.725426
1365.847656	-10.049574
1364.794922	1.494146
1363.742188	-0.697303
1362.689453	24.411915
1361.636719	-14.342527
1360.583008	-37.178822
1359.529297	-50.935436
1358.475586	-35.119659
1357.420898	-7.963683
1356.367188	25.980240
1355.312500	30.295149
1354.257813	16.382208
1353.202148	34.298817
1352.147461	47.644100
1351.091797	-29.981588
1350.036133	26.537237
1348.979492	19.385702
1347.923828	23.597408
1346.867188	-24.444563
1345.810547	-24.765976
1344.753906	-40.975101
1343.696289	-7.223754
1342.638672	10.638823
1341.581055	37.588104
1340.523438	64.546654
1339.464844	18.932510
1338.407227	18.723381
1337.348633	14.009463
1336.290039	20.666513
1335.230469	27.357349
1334.170898	2.367463
1333.112305	22.740917
1332.051758	20.503681
1330.992188	61.342621
1329.931641	72.789864
1328.871094	18.658592
1327.810547	-8.232357
1326.750000	7.938101
1325.688477	69.405258
1324.626953	13.335964
1323.565430	4.844779
1322.503906	16.780996
1321.441406	-27.697235
1320.379883	38.636326
1319.317383	-21.456852
1318.253906	-0.132088
1317.191406	5.479790
1316.127930	29.249554
1315.064453	14.751524
1314.000977	-40.241585
1312.936523	-9.378881
1311.873047	50.906555
1310.808594	48.154068
1309.743164	-64.929131
1308.678711	4.718884
1307.613281	9.125100
1306.547852	27.182163
1305.482422	25.101168
1304.416992	45.680504
1303.350586	12.360563
1302.284180	28.705896
1301.217773	24.921770
1300.151367	39.262402
1299.083984	15.481532
1298.016602	66.035721
1296.949219	60.473370
1295.881836	34.790985
1294.813477	78.888321
1293.745117	100.596794
1292.676758	41.524620
1291.608398	-1.712263
1290.539063	38.229927
1289.469727	26.605225
1288.400391	-9.625828
1287.331055	-32.307869
1286.260742	1.169177
1285.190430	1.051540
1284.120117	-32.643005
1283.049805	-25.919142
1281.979492	-21.392210
1280.908203	14.548198
1279.836914	16.906942
1278.765625	-34.455803
1277.693359	-27.544188
1276.621094	-47.476456
1275.548828	-69.618767
1274.476563	-60.407963
1273.404297	27.112494
1272.331055	43.025528
1271.257813	11.970724
1270.184570	-5.659791
1269.110352	-0.936444
1268.036133	14.945004
1266.961914	10.692643
1265.887695	-13.684769
1264.813477	28.918627
1263.738281	64.774429
1262.663086	15.750793
1261.587891	15.805608
1260.511719	-26.578354
1259.436523	6.848687
1258.360352	37.976028
1257.284180	2.134998
1256.207031	-2.544472
1255.130859	50.653275
1254.053711	10.165756
1252.976563	11.943291
1251.898438	53.727135
1250.820313	37.505569
1249.743164	39.004639
1248.664063	11.470675
1247.585938	14.996525
1246.506836	25.086657
1245.427734	12.819154
1244.348633	29.359692
1243.269531	5.770903
1242.189453	42.109753
1241.109375	-21.666225
1240.029297	50.024345
1238.949219	50.513523
1237.868164	17.607164
1236.787109	9.058573
1235.706055	2.657267
1234.625000	7.282856
1233.542969	-45.851089
1232.460938	29.635742
1231.378906	11.879559
1230.296875	36.203033
1229.213867	42.727745
1228.130859	9.306170
1227.047852	-13.066947
1225.964844	2.188522
1224.880859	-9.178848
1223.796875	19.282608
1222.712891	74.266922
1221.628906	36.240345
1220.543945	29.187756
1219.458984	28.756815
1218.374023	63.700645
1217.289063	-49.541531
1216.203125	-10.192012
1215.118164	-61.486889
1214.031250	4.363460
1212.945313	-7.137755
1211.858398	21.134029
1210.772461	44.989471
1209.684570	86.513161
1208.597656	72.855247
1207.509766	54.814182
1206.422852	85.349976
1205.333984	76.198738
1204.246094	80.320557
1203.157227	137.397827
1202.069336	141.588989
1200.979492	165.661682
1199.890625	121.471413
1198.800781	105.995209
1197.711914	180.883926
1196.621094	136.902237
1195.531250	117.224037
1194.440430	113.033920
1193.349609	139.727966
1192.258789	124.692772
1191.167969	125.144905
1190.076172	123.487427
1188.984375	77.955727
1187.892578	58.916084
1186.800781	116.889931
1185.708008	100.234741
1184.615234	92.459579
1183.522461	148.451828
1182.429688	178.151581
1181.335938	185.963226
1180.242188	130.201965
1179.148438	120.602859
1178.053711	95.715530
1176.959961	79.665161
1175.865234	61.482109
1174.770508	19.242323
1173.674805	62.531685
1172.579102	-23.427114
1171.484375	-17.316784
1170.387695	10.722071
1169.291992	58.475521
1168.195313	53.693108
1167.098633	13.912118
1166.001953	50.738262
1164.904297	67.867699
1163.807617	19.379295
1162.709961	49.624344
1161.611328	73.291229
1160.513672	81.634361
1159.415039	50.628151
1158.316406	80.779846
1157.217773	110.891190
1156.118164	106.023109
1155.019531	64.008644
1153.918945	128.918716
1152.819336	115.200012
1151.719727	112.345253
1150.619141	39.646046
1149.518555	-9.093640
1148.416992	-3.373039
1147.316406	-8.622675
1146.214844	-5.225798
1145.113281	-1.908572
1144.011719	-7.387736
1142.909180	-34.726368
1141.806641	-9.895501
1140.704102	-0.408818
1139.601563	-1.908425
1138.498047	26.944813
1137.394531	-11.753475
1136.291016	34.258224
1135.186523	12.732163
1134.083008	17.173035
1132.978516	54.078117
1131.874023	62.587605
1130.768555	62.264725
1129.664063	129.117172
1128.558594	167.569504
1127.452148	101.674637
1126.346680	85.588264
1125.240234	84.566536
1124.133789	107.281715
1123.027344	30.111244
1121.919922	2.728736
1120.813477	9.934295
1119.706055	1.863053
1118.597656	-4.136184
1117.490234	7.106318
1116.381836	16.090492
1115.273438	-9.652661
1114.165039	42.468552
1113.055664	-15.878006
1111.946289	27.430265
1110.836914	-18.030363
1109.727539	-28.920622
1108.617188	-33.369087
1107.506836	-9.756031
1106.396484	-44.542889
1105.286133	-14.524227
1104.174805	6.812035
1103.063477	10.840485
1101.952148	-8.899078
1100.839844	21.009708
1099.728516	1.263978
1098.616211	26.839405
1097.502930	9.263859
1096.390625	17.592377
1095.277344	-8.566306
1094.164063	40.762581
1093.050781	27.596222
1091.936523	12.314649
1090.822266	-13.690051
1089.708008	93.897781
1088.593750	128.277115
1087.479492	169.157028
1086.364258	235.907578
1085.249023	266.116333
1084.132813	229.694382
1083.017578	257.895569
1081.901367	187.254456
1080.784180	114.586891
1079.667969	151.667374
1078.550781	66.350014
1077.433594	112.229637
1076.316406	25.037233
1075.199219	60.404366
1074.081055	67.971992
1072.962891	-3.746561
1071.844727	-6.626423
1070.725586	35.690456
1069.606445	15.928139
1068.487305	19.900654
1067.368164	24.004669
1066.248047	45.383350
1065.127930	96.878059
1064.007813	37.065140
1062.887695	20.234987
1061.766602	22.798615
1060.645508	40.456375
1059.524414	-16.704412
1058.403320	13.998970
1057.281250	-40.792328
1056.159180	-5.630359
1055.037109	3.941999
1053.914063	2.905037
1052.791992	-17.290060
1051.667969	-26.713083
1050.544922	-36.061604
1049.421875	-43.202805
1048.297852	-37.463425
1047.173828	0.356937
1046.048828	-0.205212
1044.924805	-0.718376
1043.799805	0.949816
1042.674805	-3.740014
1041.548828	25.731991
1040.422852	31.771366
1039.296875	39.968491
1038.170898	97.200790
1037.044922	120.338173
1035.917969	181.824051
1034.791016	204.961090
1033.664063	277.063843
1032.536133	349.138397
1031.408203	293.492981
1030.280273	331.482483
1029.152344	235.437119
1028.023438	237.248322
1026.894531	164.626236
1025.765625	130.276489
1024.636719	6.660159
1023.506836	42.419651
1022.376953	46.264687
1021.247070	-9.394457
1020.116211	15.609648
1018.985352	10.836044
1017.854492	12.377920
1016.723633	30.835117
1015.591797	-3.806667
1014.460938	-17.292973
1013.328125	-28.721071
1012.196289	-16.902769
1011.063477	49.936813
1009.930664	40.398796
1008.797852	94.341904
1007.665039	173.604324
1006.531250	307.812653
1005.397461	549.848450
1004.263672	954.661255
1003.128906	1304.215088
1001.994141	1634.509521
1000.859375	1666.407104
999.724609	1304.974731
998.588867	914.064270
997.453125	481.017578
996.317383	362.933167
995.181641	200.496933
994.044922	177.472076
992.908203	103.741478
991.771484	99.661209
990.633789	133.529327
989.496094	97.717506
988.358398	49.229626
987.220703	40.798664
986.082031	9.146764
984.943359	68.118805
983.804688	38.523190
982.666016	21.556097
981.526367	12.997684
980.386719	25.479683
979.247070	-18.912209
978.106445	-54.882675
976.965820	-15.092892
975.825195	30.974979
974.684570	20.214136
973.542969	-15.788889
972.401367	28.110399
971.259766	-12.098358
970.118164	-6.060530
968.975586	25.183266
967.833008	-10.806116
966.690430	12.023040
965.546875	26.445620
964.403320	-30.502052
963.259766	-5.572571
962.116211	29.844074
960.971680	-3.965847
959.828125	25.165392
958.682617	45.910797
957.538086	16.356274
956.392578	24.555124
955.247070	20.199753
954.101563	-9.266912
952.955078	-1.002974
951.808594	-17.846621
950.662109	-15.825925
949.515625	5.043792
948.368164	9.180106
947.220703	-45.241398
946.073242	-15.979698
944.925781	-3.450020
943.777344	-34.815639
942.628906	-24.368793
941.480469	-32.729057
940.331055	25.753578
939.181641	54.969727
938.032227	2.743527
936.882813	21.501785
935.732422	2.679270
934.582031	36.011082
933.431641	-14.119320
932.280273	-24.621384
931.128906	0.305075
929.977539	-31.078070
928.826172	2.130036
927.673828	49.881001
926.521484	-0.312651
925.369141	18.206335
924.216797	26.275574
923.063477	11.411687
921.910156	11.085110
920.756836	-16.325047
919.602539	16.555037
918.448242	-25.482958
917.293945	7.296217
916.139648	-28.576412
914.984375	31.104836
913.829102	7.607124
912.673828	-13.856336
911.517578	-18.754261
910.361328	-0.871979
909.205078	39.772026
908.048828	42.983482
906.891602	50.276802
905.734375	-4.722269
904.577148	4.515571
903.419922	28.188808
902.261719	51.775898
901.103516	-1.392170
899.945313	9.606168
898.786133	22.588396
897.626953	29.269352
896.467773	2.739420
895.307617	40.292553
894.148438	52.913353
892.988281	9.589178
891.827148	40.657822
890.666992	3.401284
889.505859	52.908028
888.344727	52.717365
887.182617	68.984688
886.021484	-28.436903
884.859375	-26.746876
883.697266	-23.054901
882.534180	-17.361740
881.371094	23.356480
880.208008	30.988684
879.044922	65.382660
877.880859	50.213936
876.716797	14.388296
875.552734	-19.402048
874.387695	-5.819428
873.223633	-29.365084
872.057617	31.515863
870.892578	38.794037
869.726563	-15.730071
868.560547	18.256798
867.394531	17.218969
866.228516	-4.413900
865.061523	31.537254
863.894531	55.116982
862.727539	-11.790099
861.559570	34.373600
860.391602	2.418298
859.223633	-21.308245
858.054688	30.970985
856.886719	-0.965867
855.717773	-16.461725
854.547852	-46.314007
853.378906	-16.630022
852.208984	-23.878809
851.039063	48.883656
849.868164	14.995508
848.697266	46.748104
847.526367	35.466946
846.355469	44.709049
845.183594	72.411583
844.011719	104.229431
842.839844	80.779724
841.667969	12.340733
840.495117	124.082924
839.322266	31.193607
838.149414	91.824829
836.975586	58.392971
835.801758	80.235954
834.627930	46.924042
833.453125	68.859306
832.279297	39.755173
831.104492	27.057219
829.928711	-12.134462
828.753906	26.336594
827.578125	7.682581
826.402344	-39.481339
825.225586	-49.844143
824.048828	-0.991324
822.872070	-17.368383
821.695313	9.134166
820.517578	-29.552172
819.339844	-19.254152
818.162109	-37.429794
816.984375	-4.616521
815.805664	20.090080
814.626953	-4.022250
813.447266	69.637215
812.268555	29.358789
811.088867	23.743353
809.909180	26.324854
808.728516	33.029671
807.547852	25.558586
806.367188	24.248016
805.186523	25.029720
804.004883	11.648690
802.823242	38.957005
801.641602	90.680542
800.458984	116.047554
799.276367	44.039413
798.093750	47.207325
796.911133	99.124527
795.727539	151.078796
794.543945	55.046608
793.360352	60.485718
792.175781	-15.084978
790.991211	22.915697
789.806641	52.859203
788.622070	38.296192
787.436523	3.556803
786.250977	29.629295
785.065430	3.134944
783.878906	-9.117131
782.692383	17.137661
781.505859	-19.247412
780.319336	-57.569901
779.131836	-25.056652
777.944336	-47.056740
776.755859	-26.550447
775.568359	26.329611
774.379883	24.721970
773.190430	17.120289
772.001953	-20.695759
770.812500	26.322573
769.623047	4.779160
768.433594	21.625761
767.243164	-26.010984
766.052734	-3.009272
764.862305	28.094854
763.670898	24.977657
762.479492	3.778504
761.288086	-1.250749
760.096680	-28.382780
758.904297	8.964454
757.711914	48.348373
756.518555	-26.940540
755.326172	24.582888
754.132813	35.895500
752.939453	-1.019461
751.745117	-37.880924
750.550781	-6.359278
749.356445	-15.007360
748.162109	-15.586267
746.966797	1.939621
745.771484	-4.610385
744.576172	10.948846
743.379883	20.504913
742.183594	10.014512
740.987305	-10.479871
739.791016	-26.934649
738.593750	26.810173
737.396484	-3.642240
736.198242	-8.012674
735.000977	5.661580
733.802734	-4.694285
732.603516	-29.051805
731.405273	2.665871
730.206055	-1.651854
729.006836	16.048973
727.806641	7.738330
726.607422	-14.569039
725.407227	7.127551
724.206055	22.816063
723.005859	64.474747
721.804688	14.194295
720.603516	9.878373
719.401367	-6.426019
718.199219	49.145844
716.997070	2.864714
715.794922	42.400280
714.591797	49.966198
713.388672	95.396797
712.185547	66.978882
710.981445	68.441254
709.777344	49.922565
708.573242	109.082291
707.368164	80.493683
706.164063	133.523666
704.958984	148.626175
703.752930	127.814659
702.546875	134.803284
701.340820	181.506714
700.134766	114.701736
698.928711	151.266037
697.721680	169.821289
696.513672	132.602921
695.306641	150.947800
694.098633	143.342194
692.890625	129.665268
691.682617	169.499420
690.473633	119.836754
689.264648	151.458450
688.055664	145.221420
686.845703	103.132332
685.635742	92.657509
684.425781	125.668274
683.214844	104.974068
682.004883	109.899582
680.792969	69.075920
679.582031	89.522346
678.370117	48.378277
677.158203	20.936195
675.946289	46.777718
674.733398	24.910727
673.520508	62.224934
672.307617	18.207035
671.094727	-14.127347
669.880859	-1.177921
668.666992	-26.012186
667.452148	22.071285
666.238281	20.508776
665.022461	-28.701374
663.807617	-50.470581
662.591797	8.482105
661.376953	-31.536581
660.160156	11.119962
658.944336	-17.473927
657.727539	18.860886
656.510742	-39.636333
655.292969	-5.569480
654.075195	2.753200
652.857422	56.320072
651.639648	5.388057
650.420898	13.540956
649.202148	-17.696812
647.983398	10.166718
646.763672	16.409836
645.543945	52.240826
644.324219	19.297527
643.104492	17.964298
641.883789	52.172184
640.663086	43.289745
639.441406	46.401546
638.220703	41.882412
636.998047	104.401863
635.776367	141.640701
634.553711	94.732933
633.332031	57.995098
632.108398	70.688385
630.885742	11.163709
629.662109	28.573687
628.438477	-8.501838
627.213867	3.913471
625.989258	89.331909
624.764648	124.269241
623.540039	114.665985
622.314453	158.515320
621.088867	259.720062
619.863281	200.958878
618.636719	109.597496
617.410156	50.257488
616.183594	1.422450
614.956055	-15.371080
613.728516	-43.140320
612.500977	35.438908
611.273438	-12.252880
610.044922	11.251184
608.816406	2.390128
607.586914	-15.342764
606.357422	-16.539557
605.127930	71.036346
603.898438	50.247517
