1714.818359	13.945544
1713.839844	-1.727042
1712.861328	-0.457037
1711.882813	10.558475
1710.903320	-32.428009
1709.924805	7.880272
1708.945313	-45.012726
1707.965820	0.062561
1706.985352	23.014151
1706.005859	28.752510
1705.025391	5.047846
1704.044922	54.740005
1703.064453	-18.026964
1702.083984	-0.275645
1701.103516	24.753122
1700.122070	13.025864
1699.140625	-1.196019
1698.159180	-54.587143
1697.177734	48.447102
1696.195313	75.620102
1695.212891	31.866028
1694.230469	17.396978
1693.248047	63.949413
1692.265625	-6.787146
1691.282227	42.095882
1690.299805	61.617859
1689.316406	7.867500
1688.333008	-53.227089
1687.348633	7.637389
1686.365234	39.163040
1685.380859	97.456039
1684.396484	31.339951
1683.412109	50.523575
1682.426758	1.419383
1681.441406	59.502975
1680.457031	34.696465
1679.471680	43.957951
1678.485352	43.436073
1677.500000	72.091011
1676.513672	64.185501
1675.527344	-2.158497
1674.541016	-5.252302
1673.554688	13.512499
1672.567383	-6.678132
1671.581055	41.188908
1670.593750	42.812824
1669.606445	49.264587
1668.618164	43.531185
1667.630859	88.789360
1666.642578	65.985580
1665.654297	-7.836827
1664.666016	-40.381645
1663.676758	12.020347
1662.688477	-1.154735
1661.699219	51.163246
1660.709961	-3.309745
1659.720703	-4.424766
1658.730469	67.184425
1657.740234	61.157021
1656.750977	-29.728775
1655.759766	10.265899
1654.769531	-12.773425
1653.779297	63.496845
1652.788086	64.634041
1651.796875	31.851563
1650.805664	42.641552
1649.814453	87.296074
1648.822266	1.237804
1647.830078	14.396536
1646.837891	22.697332
1645.845703	26.143932
1644.853516	61.009109
1643.860352	23.323885
1642.867188	60.567501
1641.874023	54.289780
1640.880859	26.261915
1639.886719	-30.748964
1638.893555	6.438441
1637.899414	50.845367
1636.905273	10.741461
1635.910156	2.021825
1634.916016	63.276501
1633.920898	15.943614
1632.925781	-7.253242
1631.930664	-35.264912
1630.935547	-0.583073
1629.939453	-4.482859
1628.943359	-8.380132
1627.947266	26.275854
1626.951172	-11.345691
1625.954102	37.751480
1624.958008	-2.256649
1623.960938	-13.355818
1622.963867	11.658525
1621.966797	-25.895298
1620.968750	8.748346
1619.970703	-19.152237
1618.972656	-6.149326
1617.974609	38.115017
1616.976563	5.450148
1615.977539	-7.963325
1614.978516	29.101303
1613.979492	8.509175
1612.980469	-0.050164
1611.981445	-15.793845
1610.981445	18.901754
1609.981445	-47.211826
1608.981445	-29.286230
1607.981445	-30.542791
1606.980469	-12.589011
1605.980469	36.557381
1604.979492	-0.615616
1603.977539	22.181225
1602.976563	25.819508
1601.974609	96.575951
1600.973633	-21.935949
1599.971680	22.505827
1598.968750	-33.623932
1597.966797	-25.055569
1596.963867	-2.099715
1595.960938	30.448080
1594.958008	36.689228
1593.955078	86.014198
1592.951172	20.538937
1591.948242	0.548824
1590.944336	28.403175
1589.940430	20.413290
1588.935547	-23.400208
1587.930664	4.499642
1586.926758	20.461617
1585.921875	19.714426
1584.916016	66.735611
1583.911133	-0.835500
1582.905273	-51.660015
1581.899414	52.650421
1580.893555	56.726566
1579.887695	15.490075
1578.880859	43.432991
1577.874023	83.290176
1576.867188	46.856400
1575.860352	48.571362
1574.853516	26.460043
1573.845703	21.032566
1572.837891	6.079191
1571.830078	-6.489548
1570.822266	-45.244438
1569.813477	27.878633
1568.804688	12.916574
1567.795898	-13.943108
1566.787109	-33.665005
1565.778320	67.896095
1564.768555	21.987539
1563.758789	6.987641
1562.749023	30.005409
1561.739258	-8.782393
1560.729492	-23.815092
1559.718750	75.145302
1558.708008	52.937424
1557.697266	-14.391117
1556.685547	101.053917
1555.674805	116.755386
1554.663086	89.716644
1553.651367	67.406372
1552.639648	83.022797
1551.626953	41.695374
1550.614258	14.577790
1549.602539	8.770745
1548.588867	7.669671
1547.576172	46.809052
1546.562500	2.993459
1545.549805	15.993323
1544.536133	-1.831446
1543.521484	25.283855
1542.507813	54.712906
1541.493164	-5.826159
1540.478516	-19.073250
1539.463867	-22.901003
1538.449219	6.329373
1537.433594	18.951639
1536.417969	7.889011
1535.402344	55.865768
1534.386719	28.180830
1533.371094	-49.132805
1532.354492	43.581028
1531.337891	-14.884608
1530.321289	11.623153
1529.304688	26.290510
1528.287109	-15.705470
1527.269531	-45.913033
1526.251953	6.418418
1525.234375	20.978931
1524.216797	21.370054
1523.198242	-8.897915
1522.179688	-10.888426
1521.161133	3.602432
1520.142578	-5.477352
1519.123047	-21.627213
1518.103516	16.378521
1517.083984	35.533134
1516.064453	-8.865529
1515.044922	-48.537682
1514.024414	-36.435928
1513.003906	100.322281
1511.983398	58.317020
1510.962891	-21.275736
1509.941406	16.700710
1508.919922	12.376080
1507.898438	99.700150
1506.876953	24.926594
1505.855469	77.024231
1504.833008	21.114962
1503.810547	-8.922248
1502.788086	5.673977
1501.764648	85.993820
1500.742188	2.096254
1499.718750	28.504625
1498.695313	83.078377
1497.671875	67.334496
1496.647461	72.733231
1495.624023	73.488113
1494.599609	111.774666
1493.574219	136.037399
1492.549805	99.451355
1491.524414	149.566025
1490.500000	171.624252
1489.474609	170.325363
1488.448242	169.085846
1487.422852	198.322510
1486.396484	169.137054
1485.370117	135.354034
1484.343750	185.819672
1483.316406	201.273056
1482.290039	235.489395
1481.262695	246.402344
1480.235352	271.403931
1479.208008	319.825531
1478.179688	288.912811
1477.151367	384.141449
1476.123047	397.709656
1475.094727	462.670563
1474.066406	450.678345
1473.037109	515.717590
1472.007813	548.136475
1470.978516	587.586243
1469.948242	606.088623
1468.918945	717.842407
1467.888672	734.064026
1466.858398	789.915649
1465.828125	827.146545
1464.796875	887.676331
1463.765625	771.289307
1462.735352	876.076904
1461.703125	920.342529
1460.671875	1073.945679
1459.639648	946.067444
1458.607422	976.380432
1457.575195	1025.286987
1456.542969	978.877930
1455.509766	1067.274536
1454.477539	1076.635620
1453.444336	1062.759399
1452.410156	1102.294434
1451.376953	1000.166809
1450.342773	983.957947
1449.308594	1067.533447
1448.274414	1086.080566
1447.240234	1090.674805
1446.205078	1269.188843
1445.169922	1299.187134
1444.134766	1361.593018
1443.099609	1349.761719
1442.063477	1534.866455
1441.028320	1610.953247
1439.992188	1698.539307
1438.955078	1999.090210
1437.918945	2030.876709
1436.881836	1990.829468
1435.844727	2001.651489
1434.807617	1669.956299
1433.770508	1620.559448
1432.732422	1388.397339
1431.695313	1431.424438
1430.656250	1240.858276
1429.618164	1320.714722
1428.580078	1201.718994
1427.541016	1036.477051
1426.501953	947.435791
1425.462891	805.221191
1424.422852	706.833008
1423.383789	629.158325
1422.343750	489.097076
1421.303711	526.648010
1420.262695	388.756042
1419.222656	386.890961
1418.181641	297.301636
1417.140625	302.167511
1416.098633	251.616653
1415.057617	200.994171
1414.015625	240.147079
1412.973633	140.995697
1411.931641	122.397758
1410.888672	115.232620
1409.846680	140.215881
1408.803711	73.055794
1407.760742	1.246830
1406.716797	90.412453
1405.673828	46.083660
1404.629883	112.068619
1403.585938	-24.332968
1402.541016	55.297043
1401.497070	-5.329062
1400.452148	16.712875
1399.407227	52.471100
1398.362305	3.199861
1397.316406	59.503353
1396.270508	21.630054
1395.224609	29.624872
1394.178711	-6.015743
1393.132813	-2.684865
1392.085938	-17.740021
1391.039063	26.790499
1389.992188	27.718948
1388.945313	58.412876
1387.897461	34.075710
1386.849609	9.727740
1385.801758	-32.950241
1384.753906	-25.250828
1383.705078	-45.042179
1382.657227	-25.922932
1381.608398	13.771354
1380.558594	12.261014
1379.509766	10.752748
1378.459961	-18.198023
1377.410156	-12.838580
1376.360352	-16.617756
1375.310547	-24.956306
1374.259766	-24.142988
1373.208984	29.222727
1372.158203	41.475830
1371.107422	24.062277
1370.055664	18.090614
1369.003906	-8.391832
1367.952148	17.646835
1366.900391	30.019035
1365.847656	67.506180
1364.794922	16.085669
1363.742188	1.204690
1362.689453	38.795574
1361.636719	14.887208
1360.583008	36.594166
1359.529297	10.502008
1358.475586	23.177128
1357.420898	-27.861847
1356.367188	-40.137154
1355.312500	18.180513
1354.257813	51.487415
1353.202148	-3.895047
1352.147461	-43.288746
1351.091797	-0.771290
1350.036133	-12.788002
1348.979492	-15.668934
1347.923828	15.579145
1346.867188	24.135424
1345.810547	16.831146
1344.753906	16.383707
1343.696289	-11.266973
1342.638672	67.813019
1341.581055	81.091927
1340.523438	135.243210
1339.464844	114.558128
1338.407227	130.208649
1337.348633	161.761887
1336.290039	179.741470
1335.230469	197.751816
1334.170898	215.794891
1333.112305	199.893967
1332.051758	285.949341
1330.992188	242.947906
1329.931641	256.596924
1328.871094	184.277603
1327.810547	157.284546
1326.750000	182.374496
1325.688477	171.303909
1324.626953	128.620819
1323.565430	246.507553
1322.503906	165.481812
1321.441406	159.100647
1320.379883	188.910721
1319.317383	196.157898
1318.253906	266.670135
1317.191406	201.727661
1316.127930	218.111816
1315.064453	250.324387
1314.000977	305.123657
1312.936523	348.657410
1311.873047	331.320251
1310.808594	302.754242
1309.743164	355.390381
1308.678711	380.997559
1307.613281	359.312653
1306.547852	382.729736
1305.482422	385.904175
1304.416992	445.408691
1303.350586	437.389038
1302.284180	490.184906
1301.217773	606.008423
1300.151367	692.580811
1299.083984	837.643188
1298.016602	894.992004
1296.949219	1082.766479
1295.881836	854.682556
1294.813477	745.861389
1293.745117	630.408691
1292.676758	485.869019
1291.608398	390.864807
1290.539063	228.613007
1289.469727	225.879440
1288.400391	162.624725
1287.331055	74.791290
1286.260742	96.992447
1285.190430	58.708763
1284.120117	83.306129
1283.049805	56.416073
1281.979492	7.211497
1280.908203	9.654613
1279.836914	-1.254111
1278.765625	-50.140839
1277.693359	-51.885628
1276.621094	-6.518150
1275.548828	54.596909
1274.476563	28.514790
1273.404297	9.260706
1272.331055	5.780520
1271.257813	65.026527
1270.184570	1.391508
1269.110352	-12.923978
1268.036133	44.395729
1266.961914	21.375492
1265.887695	29.759525
1264.813477	49.429745
1263.738281	4.469115
1262.663086	37.786274
1261.587891	73.451248
1260.511719	40.066540
1259.436523	53.676186
1258.360352	27.275507
1257.284180	14.405615
1256.207031	10.604449
1255.130859	-48.771946
1254.053711	-12.155337
1252.976563	22.367329
1251.898438	14.712226
1250.820313	25.029940
1249.743164	-2.349814
1248.664063	-16.195192
1247.585938	14.629725
1246.506836	3.338572
1245.427734	1.111432
1244.348633	92.438309
1243.269531	-5.109560
1242.189453	55.347107
1241.109375	9.236616
1240.029297	98.798019
1238.949219	-2.598275
1237.868164	-10.564669
1236.787109	-0.667356
1235.706055	-4.003610
1234.625000	43.787182
1233.542969	-30.398811
1232.460938	-20.190527
1231.378906	7.812903
1230.296875	-26.231785
1229.213867	28.457956
1228.130859	-12.145745
1227.047852	-8.390087
1225.964844	-20.127024
1224.880859	54.533318
1223.796875	-5.913628
1222.712891	-19.851210
1221.628906	30.387512
1220.543945	-1.290221
1219.458984	22.321705
1218.374023	8.280469
1217.289063	-19.071838
1216.203125	2.174133
1215.118164	18.918398
1214.031250	42.220715
1212.945313	61.005875
1211.858398	53.190277
1210.772461	104.898987
1209.684570	65.964539
1208.597656	106.391068
1207.509766	124.610802
1206.422852	94.144745
1205.333984	96.647644
1204.246094	165.155869
1203.157227	103.391762
1202.069336	103.206825
1200.979492	162.358795
1199.890625	144.178131
1198.800781	147.845581
1197.711914	199.759247
1196.621094	205.206863
1195.531250	190.618210
1194.440430	162.607010
1193.349609	233.390488
1192.258789	152.105515
1191.167969	156.381271
1190.076172	235.158508
1188.984375	247.678177
1187.892578	246.726974
1186.800781	280.657135
1185.708008	215.439880
1184.615234	226.860413
1183.522461	339.027618
1182.429688	281.842316
1181.335938	274.917480
1180.242188	324.808014
1179.148438	321.784729
1178.053711	287.823090
1176.959961	233.916016
1175.865234	304.782288
1174.770508	239.502670
1173.674805	237.595642
1172.579102	281.497955
1171.484375	279.186981
1170.387695	322.672791
1169.291992	271.810486
1168.195313	255.814774
1167.098633	261.539215
1166.001953	212.396194
1164.904297	193.737564
1163.807617	126.823105
1162.709961	175.671906
1161.611328	64.776787
1160.513672	80.557899
1159.415039	76.534081
1158.316406	61.466022
1157.217773	109.623337
1156.118164	26.633595
1155.019531	4.704170
1153.918945	35.058098
1152.819336	26.032696
1151.719727	1.653782
1150.619141	42.631687
1149.518555	29.003202
1148.416992	41.468304
1147.316406	8.099336
1146.214844	-40.568142
1145.113281	-15.193361
1144.011719	-13.832474
1142.909180	-14.691936
1141.806641	-19.936682
1140.704102	-3.438768
1139.601563	6.504332
1138.498047	-16.208042
1137.394531	102.462784
1136.291016	149.318237
1135.186523	202.675888
1134.083008	373.399231
1132.978516	489.731323
1131.874023	625.588440
1130.768555	715.796204
1129.664063	690.909485
1128.558594	655.216431
1127.452148	567.485657
1126.346680	479.847015
1125.240234	355.411133
1124.133789	280.975281
1123.027344	193.617737
1121.919922	136.708878
1120.813477	127.579811
1119.706055	153.189865
1118.597656	124.685646
1117.490234	89.770279
1116.381836	20.289797
1115.273438	52.679501
1114.165039	72.145180
1113.055664	76.531113
1111.946289	96.145332
1110.836914	14.168742
1109.727539	49.104733
1108.617188	53.844055
1107.506836	86.779419
1106.396484	91.703041
1105.286133	47.030083
1104.174805	95.368332
1103.063477	154.590637
1101.952148	144.801346
1100.839844	264.650818
1099.728516	211.905945
1098.616211	310.343384
1097.502930	354.924622
1096.390625	324.126862
1095.277344	379.718872
1094.164063	487.154480
1093.050781	512.774963
1091.936523	738.911621
1090.822266	943.541504
1089.708008	1326.983276
1088.593750	1830.978149
1087.479492	2154.056152
1086.364258	2257.602783
1085.249023	2062.156738
1084.132813	1821.779663
1083.017578	1409.610107
1081.901367	1251.529419
1080.784180	996.945679
1079.667969	807.128784
1078.550781	740.054443
1077.433594	613.033264
1076.316406	610.823608
1075.199219	583.028259
1074.081055	420.179230
1072.962891	409.984100
1071.844727	423.588623
1070.725586	458.834442
1069.606445	457.789886
1068.487305	437.628632
1067.368164	638.472351
1066.248047	637.915405
1065.127930	684.664856
1064.007813	731.548462
1062.887695	695.025085
1061.766602	585.855103
1060.645508	461.884766
1059.524414	389.471191
1058.403320	289.394379
1057.281250	238.689362
1056.159180	205.228485
1055.037109	94.901314
1053.914063	119.415245
1052.791992	75.604942
1051.667969	-36.479656
1050.544922	11.795870
1049.421875	2.446352
1048.297852	44.418259
1047.173828	54.401112
1046.048828	58.027847
1044.924805	55.289108
1043.799805	-2.881500
1042.674805	-11.937475
1041.548828	19.553625
1040.422852	16.931925
1039.296875	10.056033
1038.170898	-62.878647
1037.044922	-16.474445
1035.917969	2.207882
1034.791016	-28.118429
1033.664063	52.254456
1032.536133	15.487601
1031.408203	23.387047
1030.280273	26.979946
1029.152344	7.118401
1028.023438	19.107065
1026.894531	14.012602
1025.765625	0.342493
1024.636719	26.973728
1023.506836	0.390216
1022.376953	-43.270844
1021.247070	0.054780
1020.116211	24.143784
1018.985352	84.189384
1017.854492	46.462208
1016.723633	-16.839621
1015.591797	23.689878
1014.460938	66.173180
1013.328125	15.198423
1012.196289	44.635777
1011.063477	6.088971
1009.930664	16.138456
1008.797852	28.153952
1007.665039	-17.158157
1006.531250	-41.413586
1005.397461	14.645664
1004.263672	0.713296
1003.128906	-49.303829
1001.994141	-19.036207
1000.859375	-45.996540
999.724609	-11.739405
998.588867	28.738985
997.453125	31.058559
996.317383	-0.523478
995.181641	14.290120
994.044922	-15.337433
992.908203	14.085550
991.771484	37.086185
990.633789	72.666985
989.496094	-9.987992
988.358398	2.256042
987.220703	20.764355
986.082031	-9.281279
984.943359	40.740570
983.804688	56.978378
982.666016	58.422909
981.526367	34.556976
980.386719	61.217266
979.247070	-15.324315
978.106445	-60.273781
976.965820	2.112695
975.825195	-7.072723
974.684570	-16.256664
973.542969	67.096870
972.401367	41.088875
971.259766	52.941231
970.118164	87.921715
968.975586	78.786003
967.833008	27.670971
966.690430	27.012980
965.546875	24.292423
964.403320	15.318111
963.259766	31.577946
962.116211	41.588024
960.971680	-15.472229
959.828125	26.119999
958.682617	92.919083
957.538086	42.377106
956.392578	35.944206
955.247070	25.406775
954.101563	38.002560
952.955078	10.890207
951.808594	25.744184
950.662109	42.758133
949.515625	-32.246136
948.368164	-21.373831
947.220703	-23.002119
946.073242	21.425175
944.925781	28.240835
943.777344	-29.707346
942.628906	-35.355999
941.480469	-7.551373
940.331055	-42.405422
939.181641	33.444565
938.032227	-28.530659
936.882813	11.796764
935.732422	45.835968
934.582031	2.650053
933.431641	-5.079611
932.280273	39.298885
931.128906	4.397182
929.977539	65.349274
928.826172	28.282913
927.673828	12.012679
926.521484	4.019699
925.369141	14.703205
924.216797	-1.758030
923.063477	-26.618498
921.910156	-3.694783
920.756836	2.479771
919.602539	31.429096
918.448242	26.985302
917.293945	-6.676655
916.139648	3.203263
914.984375	23.339659
913.829102	3.859428
912.673828	11.247567
911.517578	16.406406
910.361328	-22.188637
909.205078	-31.870150
908.048828	-12.665294
906.891602	-4.018825
905.734375	-3.855025
904.577148	-61.940151
903.419922	-4.101373
902.261719	20.344362
901.103516	54.929665
899.945313	80.995804
898.786133	92.326340
897.626953	86.856491
896.467773	87.362679
895.307617	100.041481
894.148438	174.556915
892.988281	178.475327
891.827148	258.699188
890.666992	282.860901
889.505859	234.467087
888.344727	159.052521
887.182617	186.816559
886.021484	125.592522
884.859375	91.100906
883.697266	83.339157
882.534180	139.452377
881.371094	102.564125
880.208008	57.347668
879.044922	69.831009
877.880859	121.419151
876.716797	53.340523
875.552734	71.826286
874.387695	110.874893
873.223633	55.113304
872.057617	141.491943
870.892578	133.107239
869.726563	188.564224
868.560547	132.869553
867.394531	60.779087
866.228516	50.499279
865.061523	91.709030
863.894531	75.396355
862.727539	24.230371
861.559570	86.238411
860.391602	31.197401
859.223633	11.236685
858.054688	104.392151
856.886719	70.341049
855.717773	48.784992
854.547852	162.881378
853.378906	141.680695
852.208984	219.164627
851.039063	206.578339
849.868164	237.284988
848.697266	280.518066
847.526367	250.196411
846.355469	345.152008
845.183594	286.688751
844.011719	328.904358
842.839844	340.687775
841.667969	457.188141
840.495117	412.270538
839.322266	400.455139
838.149414	438.097046
836.975586	451.543152
835.801758	363.106781
834.627930	375.229767
833.453125	305.930695
832.279297	286.023956
831.104492	211.278702
829.928711	171.583450
828.753906	148.520187
827.578125	107.363419
826.402344	121.581764
825.225586	68.701622
824.048828	42.590061
822.872070	43.214108
821.695313	99.085594
820.517578	4.272541
819.339844	133.847672
818.162109	2.722062
816.984375	-20.240316
815.805664	-16.586973
814.626953	3.466127
813.447266	-33.381695
812.268555	-61.990082
811.088867	23.424128
809.909180	-7.086144
808.728516	-29.400898
807.547852	13.382490
806.367188	45.997261
805.186523	46.083405
804.004883	17.716928
802.823242	19.803022
801.641602	96.980042
800.458984	-8.647099
799.276367	15.604753
798.093750	74.256126
796.911133	0.914459
795.727539	10.654387
794.543945	52.705170
793.360352	-39.204815
792.175781	30.915768
790.991211	-8.587466
789.806641	10.490024
788.622070	27.332636
787.436523	-26.913969
786.250977	19.852224
785.065430	-4.482643
783.878906	21.520990
782.692383	53.307327
781.505859	20.073759
780.319336	37.101044
779.131836	39.653526
777.944336	98.464981
776.755859	45.805149
775.568359	49.421284
774.379883	89.088043
773.190430	23.459606
772.001953	76.677536
770.812500	99.331390
769.623047	0.664936
768.433594	55.095058
767.243164	83.045448
766.052734	-4.160591
764.862305	15.285935
763.670898	4.288825
762.479492	15.262418
761.288086	36.116577
760.096680	46.718063
758.904297	-13.313432
757.711914	-9.063641
756.518555	-15.023069
755.326172	-27.144482
754.132813	12.906603
752.939453	-29.613958
751.745117	-9.900496
750.550781	-42.541409
749.356445	-12.958670
748.162109	8.505095
746.966797	29.895962
745.771484	5.047720
744.576172	54.446018
743.379883	7.459757
742.183594	4.620270
740.987305	-44.359352
739.791016	2.949920
738.593750	-9.899853
737.396484	9.354300
736.198242	16.608889
735.000977	13.894003
733.802734	75.331726
732.603516	26.667337
731.405273	58.191650
730.206055	55.762222
729.006836	95.458481
727.806641	127.242905
726.607422	181.140198
725.407227	181.153305
724.206055	249.279831
723.005859	221.597763
721.804688	230.060898
720.603516	234.703171
719.401367	273.472595
718.199219	314.376617
716.997070	345.410645
715.794922	376.534607
714.591797	511.474640
713.388672	558.631836
712.185547	617.759277
710.981445	694.801636
709.777344	729.921631
708.573242	864.616333
707.368164	863.684998
706.164063	950.295898
704.958984	969.025269
703.752930	1031.387573
702.546875	1083.584717
701.340820	1032.070313
700.134766	1071.861084
698.928711	1113.360107
697.721680	1218.180054
696.513672	1109.912109
695.306641	1084.835571
694.098633	1262.079224
692.890625	1142.841919
691.682617	1174.184570
690.473633	1117.691528
689.264648	1052.810425
688.055664	931.888489
686.845703	866.046936
685.635742	797.697571
684.425781	778.378479
683.214844	714.831238
682.004883	640.774719
680.792969	564.091309
679.582031	496.668610
678.370117	484.012726
677.158203	411.207428
675.946289	323.805542
674.733398	279.179779
673.520508	281.239807
672.307617	215.178299
671.094727	108.708206
669.880859	82.439552
668.666992	7.798875
667.452148	27.082329
666.238281	-17.851904
665.022461	72.488594
663.807617	5.727350
662.591797	20.832947
661.376953	-10.543545
660.160156	-1.513499
658.944336	-42.687149
657.727539	156.021790
656.510742	99.576103
655.292969	68.232849
654.075195	306.540314
652.857422	313.869629
651.639648	342.695648
650.420898	379.311859
649.202148	498.688507
647.983398	594.573608
646.763672	678.891907
645.543945	738.023132
644.324219	793.747986
643.104492	824.555786
641.883789	893.488953
640.663086	1032.118408
639.441406	1016.441650
638.220703	1084.488403
636.998047	1167.510132
635.776367	1141.945068
634.553711	868.556641
633.332031	814.872192
632.108398	617.750488
630.885742	410.878235
629.662109	323.826874
628.438477	260.552277
627.213867	244.683075
625.989258	229.275909
624.764648	138.029297
623.540039	110.223518
622.314453	28.420231
621.088867	14.193622
619.863281	14.760786
618.636719	61.563419
617.410156	19.671865
616.183594	-55.946976
614.956055	-26.261999
613.728516	44.236988
612.500977	53.995701
611.273438	143.898575
610.044922	130.381317
608.816406	95.664665
607.586914	30.165337
606.357422	-26.949419
605.127930	2.520245
603.898438	9.355959
