1714.818359	-9.857877
1713.839844	27.453625
1712.861328	17.943602
1711.882813	-1.412474
1710.903320	-25.704130
1709.924805	-18.160835
1708.945313	6.495095
1707.965820	60.504452
1706.985352	-22.726900
1706.005859	45.886337
1705.025391	43.424282
1704.044922	1.757271
1703.064453	-20.346369
1702.083984	30.939117
1701.103516	-47.501736
1700.122070	6.148194
1699.140625	25.505095
1698.159180	17.926403
1697.177734	7.875573
1696.195313	17.351799
1695.212891	12.133325
1694.230469	19.104076
1693.248047	28.486849
1692.265625	1.207318
1691.282227	-21.204325
1690.299805	-19.221035
1689.316406	-27.025940
1688.333008	18.830175
1687.348633	25.610382
1686.365234	86.025330
1685.380859	-16.991537
1684.396484	-29.778316
1683.412109	-1.141507
1682.426758	-18.840904
1681.441406	-26.805674
1680.457031	65.093567
1679.471680	37.594730
1678.485352	-36.175941
1677.500000	28.837652
1676.513672	25.655361
1675.527344	22.459948
1674.541016	60.613743
1673.554688	13.600170
1672.567383	37.121998
1671.581055	7.129772
1670.593750	13.603887
1669.606445	-11.531361
1668.618164	48.384346
1667.630859	-13.207952
1666.642578	90.389175
1665.654297	-19.771648
1664.666016	44.922779
1663.676758	-19.072891
1662.688477	69.854332
1661.699219	76.239517
1660.709961	-2.290503
1659.720703	84.142235
1658.730469	73.537781
1657.740234	24.145292
1656.750977	20.829281
1655.759766	46.595497
1654.769531	2.086648
1653.779297	10.890991
1652.788086	2.737706
1651.796875	-2.990519
1650.805664	-3.874530
1649.814453	0.082461
1648.822266	35.495804
1647.830078	-50.077923
1646.837891	-2.575775
1645.845703	-17.973616
1644.853516	5.320376
1643.860352	18.932653
1642.867188	27.703667
1641.874023	14.721327
1640.880859	54.892155
1639.886719	-23.311764
1638.893555	-0.059266
1637.899414	20.765610
1636.905273	17.439663
1635.910156	11.697666
1634.916016	-18.173635
1633.920898	17.097279
1632.925781	-7.947463
1631.930664	-40.220131
1630.935547	16.718384
1629.939453	32.651474
1628.943359	24.474310
1627.947266	-5.388771
1626.951172	-85.830811
1625.954102	-16.927696
1624.958008	37.494492
1623.960938	-38.109650
1622.963867	9.060534
1621.966797	8.077691
1620.968750	21.522713
1619.970703	22.928448
1618.972656	-2.126714
1617.974609	1.673102
1616.976563	17.482702
1615.977539	14.050484
1614.978516	39.445274
1613.979492	9.567972
1612.980469	-3.492780
1611.981445	-14.155602
1610.981445	1.585001
1609.981445	10.108747
1608.981445	-10.178093
1607.981445	5.523205
1606.980469	49.992390
1605.980469	60.857693
1604.979492	26.149229
1603.977539	1.032816
1602.976563	7.074975
1601.974609	20.291294
1600.973633	-55.151630
1599.971680	15.535433
1598.968750	-33.557934
1597.966797	8.339908
1596.963867	14.300604
1595.960938	1.100694
1594.958008	-7.319910
1593.955078	36.880989
1592.951172	-43.319294
1591.948242	12.804942
1590.944336	42.595974
1589.940430	60.413292
1588.935547	18.469154
1587.930664	-30.634438
1586.926758	54.042812
1585.921875	59.863537
1584.916016	8.367169
1583.911133	-19.242342
1582.905273	12.818481
1581.899414	-29.113867
1580.893555	29.163712
1579.887695	6.313363
1578.880859	9.696694
1577.874023	41.682755
1576.867188	-31.232510
1575.860352	-30.243761
1574.853516	20.775808
1573.845703	16.977821
1572.837891	13.177155
1571.830078	40.329170
1570.822266	-11.095820
1569.813477	13.661465
1568.804688	19.368065
1567.795898	17.932100
1566.787109	-31.078640
1565.778320	5.542734
1564.768555	-5.407094
1563.758789	7.417848
1562.749023	-22.543129
1561.739258	2.159174
1560.729492	5.469988
1559.718750	11.153469
1558.708008	23.958851
1557.697266	3.521918
1556.685547	80.411949
1555.674805	43.362522
1554.663086	108.351753
1553.651367	73.686981
1552.639648	81.728416
1551.626953	32.861629
1550.614258	5.354157
1549.602539	22.895025
1548.588867	-6.961820
1547.576172	1.104946
1546.562500	-16.882742
1545.549805	-18.280050
1544.536133	18.208838
1543.521484	4.978028
1542.507813	-20.072737
1541.493164	-33.277298
1540.478516	26.863279
1539.463867	18.398474
1538.449219	59.600571
1537.433594	-17.411503
1536.417969	-6.931509
1535.402344	-27.168093
1534.386719	4.587832
1533.371094	52.872314
1532.354492	-7.488218
1531.337891	-22.955416
1530.321289	1.721066
1529.304688	7.514651
1528.287109	-15.001674
1527.269531	-25.705305
1526.251953	39.076649
1525.234375	16.592146
1524.216797	60.135971
1523.198242	23.529739
1522.179688	12.869041
1521.161133	11.645247
1520.142578	-1.347294
1519.123047	28.063356
1518.103516	17.443209
1517.083984	65.686157
1516.064453	45.665482
1515.044922	49.191944
1514.024414	73.896996
1513.003906	-26.055494
1511.983398	-15.436543
1510.962891	-23.621231
1509.941406	-60.000412
1508.919922	28.193933
1507.898438	55.273006
1506.876953	-9.260777
1505.855469	41.317356
1504.833008	9.702960
1503.810547	25.060560
1502.788086	45.114624
1501.764648	-2.878963
1500.742188	19.536777
1499.718750	91.206108
1498.695313	52.640991
1497.671875	107.879967
1496.647461	88.097496
1495.624023	77.707367
1494.599609	1.728074
1493.574219	162.376907
1492.549805	149.663498
1491.524414	190.817581
1490.500000	117.258453
1489.474609	198.208511
1488.448242	155.116684
1487.422852	196.273178
1486.396484	174.270203
1485.370117	187.362869
1484.343750	275.273499
1483.316406	288.358215
1482.290039	301.447998
1481.262695	302.859558
1480.235352	325.303833
1479.208008	345.412598
1478.179688	342.171814
1477.151367	364.619019
1476.123047	457.080750
1475.094727	474.840240
1474.066406	497.263550
1473.037109	519.681335
1472.007813	607.386536
1470.978516	650.760742
1469.948242	668.478149
1468.918945	702.502686
1467.888672	794.759888
1466.858398	863.683350
1465.828125	969.838379
1464.796875	1027.049194
1463.765625	886.363525
1462.735352	901.669678
1461.703125	1037.961182
1460.671875	1046.239136
1459.639648	1138.238281
1458.607422	1079.042358
1457.575195	1119.833374
1456.542969	1162.923096
1455.509766	1159.507202
1454.477539	1156.083252
1453.444336	1106.192383
1452.410156	1026.120117
1451.376953	1080.737915
1450.342773	1130.675659
1449.308594	1073.818604
1448.274414	1139.949585
1447.240234	1136.440674
1446.205078	1237.286255
1445.169922	1379.809692
1444.134766	1482.841553
1443.099609	1539.452759
1442.063477	1751.280029
1441.028320	1870.322144
1439.992188	2091.208740
1438.955078	2179.973877
1437.918945	2155.227051
1436.881836	2250.836426
1435.844727	2066.346436
1434.807617	1979.090454
1433.770508	1866.399048
1432.732422	1746.789429
1431.695313	1555.522339
1430.656250	1544.628296
1429.618164	1501.351074
1428.580078	1381.805054
1427.541016	1243.795532
1426.501953	1230.542480
1425.462891	995.568176
1424.422852	822.997925
1423.383789	632.002014
1422.343750	593.366516
1421.303711	460.111633
1420.262695	439.909424
1419.222656	375.860779
1418.181641	332.553711
1417.140625	305.365570
1416.098633	262.017212
1415.057617	220.956528
1414.015625	200.609238
1412.973633	177.930634
1411.931641	178.252731
1410.888672	116.374474
1409.846680	29.168173
1408.803711	126.063622
1407.760742	77.930786
1406.716797	29.780239
1405.673828	69.006912
1404.629883	69.090012
1403.585938	-6.723532
1402.541016	-20.489445
1401.497070	36.946392
1400.452148	-20.545248
1399.407227	32.196159
1398.362305	-52.898567
1397.316406	27.299978
1396.270508	-7.336891
1395.224609	-0.689756
1394.178711	-5.553998
1393.132813	28.540993
1392.085938	16.716518
1391.039063	-11.189137
1389.992188	-20.781534
1388.945313	20.011868
1387.897461	-44.649681
1386.849609	7.508400
1385.801758	9.221125
1384.753906	38.373165
1383.705078	-21.808123
1382.657227	9.552683
1381.608398	11.112748
1380.558594	40.085625
1379.509766	-1.893422
1378.459961	4.127859
1377.410156	-15.039155
1376.360352	2.337012
1375.310547	-35.177326
1374.259766	41.522083
1373.208984	97.592705
1372.158203	105.642960
1371.107422	65.704613
1370.055664	89.660484
1369.003906	79.335266
1367.952148	59.850338
1366.900391	99.649200
1365.847656	39.038006
1364.794922	46.823387
1363.742188	68.246727
1362.689453	-8.382779
1361.636719	56.269142
1360.583008	82.128304
1359.529297	25.949219
1358.475586	-5.181577
1357.420898	86.618462
1356.367188	21.300737
1355.312500	-9.873438
1354.257813	29.483023
1353.202148	-58.578682
1352.147461	-62.461632
1351.091797	15.500781
1350.036133	25.227448
1348.979492	25.853672
1347.923828	33.300503
1346.867188	43.015923
1345.810547	23.207411
1344.753906	89.704079
1343.696289	81.262253
1342.638672	140.930344
1341.581055	182.435287
1340.523438	160.417374
1339.464844	215.548172
1338.407227	182.241684
1337.348633	210.189575
1336.290039	240.422729
1335.230469	155.095123
1334.170898	271.490997
1333.112305	263.289948
1332.051758	343.452454
1330.992188	314.944092
1329.931641	293.283630
1328.871094	260.366669
1327.810547	345.178619
1326.750000	244.505981
1325.688477	304.515808
1324.626953	215.319305
1323.565430	300.301941
1322.503906	274.562500
1321.441406	251.160950
1320.379883	202.992950
1319.317383	247.526596
1318.253906	244.693192
1317.191406	298.387146
1316.127930	311.508484
1315.064453	295.372894
1314.000977	378.607361
1312.936523	371.665833
1311.873047	391.886719
1310.808594	308.476837
1309.743164	342.422577
1308.678711	410.264130
1307.613281	444.381714
1306.547852	408.758636
1305.482422	377.767426
1304.416992	400.945770
1303.350586	426.478668
1302.284180	555.649048
1301.217773	599.368591
1300.151367	856.908875
1299.083984	896.274658
1298.016602	832.297363
1296.949219	968.557495
1295.881836	796.934143
1294.813477	726.629578
1293.745117	586.824768
1292.676758	447.199585
1291.608398	361.651947
1290.539063	238.091705
1289.469727	195.515305
1288.400391	162.053528
1287.331055	113.019524
1286.260742	122.451347
1285.190430	-36.206924
1284.120117	16.095911
1283.049805	86.429482
1281.979492	-11.241197
1280.908203	5.531411
1279.836914	-8.946004
1278.765625	48.376171
1277.693359	54.293091
1276.621094	67.045570
1275.548828	12.766956
1274.476563	3.389800
1273.404297	-23.758579
1272.331055	-35.112694
1271.257813	22.985435
1270.184570	-6.013327
1269.110352	9.832079
1268.036133	10.151353
1266.961914	41.874355
1265.887695	13.396407
1264.813477	25.254665
1263.738281	19.373665
1262.663086	-6.469625
1261.587891	130.743286
1260.511719	87.291626
1259.436523	84.136238
1258.360352	110.105690
1257.284180	84.905815
1256.207031	53.160320
1255.130859	-25.251446
1254.053711	-16.593876
1252.976563	1.099040
1251.898438	-34.538044
1250.820313	10.133627
1249.743164	-18.557459
1248.664063	39.708023
1247.585938	-22.092876
1246.506836	0.810223
1245.427734	37.175198
1244.348633	24.720644
1243.269531	-0.954477
1242.189453	42.400604
1241.109375	19.168024
1240.029297	64.915352
1238.949219	26.320271
1237.868164	12.257489
1236.787109	91.527969
1235.706055	11.004673
1234.625000	19.350498
1233.542969	27.752850
1232.460938	-5.948653
1231.378906	77.949875
1230.296875	-24.409079
1229.213867	28.488647
1228.130859	-5.052542
1227.047852	-5.327068
1225.964844	-1.163168
1224.880859	-1.423754
1223.796875	-43.762024
1222.712891	-13.037484
1221.628906	-17.759172
1220.543945	26.183533
1219.458984	59.012077
1218.374023	-9.957885
1217.289063	55.948421
1216.203125	11.235955
1215.118164	46.050304
1214.031250	105.102005
1212.945313	82.302261
1211.858398	46.184952
1210.772461	85.075256
1209.684570	139.319748
1208.597656	151.493851
1207.509766	115.009171
1206.422852	151.231003
1205.333984	169.678207
1204.246094	170.340790
1203.157227	184.101547
1202.069336	199.913818
1200.979492	180.316681
1199.890625	164.974594
1198.800781	272.841553
1197.711914	180.069214
1196.621094	214.878738
1195.531250	198.852707
1194.440430	224.463348
1193.349609	263.066559
1192.258789	206.851776
1191.167969	214.232803
1190.076172	263.173157
1188.984375	285.484314
1187.892578	322.937714
1186.800781	331.574219
1185.708008	368.537598
1184.615234	381.095947
1183.522461	406.599182
1182.429688	368.202057
1181.335938	406.427216
1180.242188	404.919525
1179.148438	411.975800
1178.053711	407.852814
1176.959961	385.981262
1175.865234	368.301575
1174.770508	365.773315
1173.674805	332.368622
1172.579102	375.468140
1171.484375	416.167267
1170.387695	305.551880
1169.291992	334.928223
1168.195313	368.486603
1167.098633	397.474182
1166.001953	310.311127
1164.904297	240.513672
1163.807617	229.628769
1162.709961	225.140778
1161.611328	174.584427
1160.513672	104.224121
1159.415039	142.986710
1158.316406	161.917938
1157.217773	99.882561
1156.118164	120.699066
1155.019531	62.776848
1153.918945	92.035141
1152.819336	68.777344
1151.719727	62.848206
1150.619141	91.684082
1149.518555	-8.271924
1148.416992	-18.929182
1147.316406	16.070702
1146.214844	29.142691
1145.113281	-18.905214
1144.011719	52.749531
1142.909180	76.353333
1141.806641	82.424881
1140.704102	51.390133
1139.601563	109.489616
1138.498047	91.318153
1137.394531	162.240585
1136.291016	185.201294
1135.186523	345.028168
1134.083008	474.274384
1132.978516	716.378479
1131.874023	880.083069
1130.768555	926.342712
1129.664063	937.771362
1128.558594	892.676941
1127.452148	810.639954
1126.346680	637.449585
1125.240234	507.681122
1124.133789	429.993011
1123.027344	397.850281
1121.919922	278.967651
1120.813477	235.993851
1119.706055	262.372223
1118.597656	206.396576
1117.490234	152.620346
1116.381836	148.682953
1115.273438	125.276833
1114.165039	125.715614
1113.055664	149.984543
1111.946289	213.224762
1110.836914	168.320602
1109.727539	173.228561
1108.617188	128.456039
1107.506836	165.911880
1106.396484	196.937485
1105.286133	234.508377
1104.174805	213.816254
1103.063477	238.578552
1101.952148	248.313095
1100.839844	342.333893
1099.728516	367.364502
1098.616211	355.816650
1097.502930	344.395905
1096.390625	371.938446
1095.277344	401.760254
1094.164063	438.182404
1093.050781	576.038330
1091.936523	750.619080
1090.822266	890.819031
1089.708008	1341.272461
1088.593750	1737.868774
1087.479492	2024.679199
1086.364258	2290.027832
1085.249023	2107.884033
1084.132813	1743.170776
1083.017578	1378.844360
1081.901367	1137.475098
1080.784180	980.288879
1079.667969	844.908264
1078.550781	731.322021
1077.433594	746.940613
1076.316406	545.879944
1075.199219	626.480652
1074.081055	612.856323
1072.962891	543.714294
1071.844727	489.913452
1070.725586	492.211426
1069.606445	554.854004
1068.487305	540.550049
1067.368164	785.933167
1066.248047	855.707703
1065.127930	902.130310
1064.007813	903.783325
1062.887695	798.573425
1061.766602	693.637817
1060.645508	582.542358
1059.524414	381.805084
1058.403320	281.932953
1057.281250	229.363495
1056.159180	226.190918
1055.037109	186.833221
1053.914063	169.034454
1052.791992	102.227066
1051.667969	84.746735
1050.544922	50.308281
1049.421875	26.685299
1048.297852	9.593562
1047.173828	24.635427
1046.048828	-13.597348
1044.924805	-36.797115
1043.799805	-8.705814
1042.674805	42.897812
1041.548828	24.160875
1040.422852	56.644329
1039.296875	42.251770
1038.170898	38.544388
1037.044922	-12.019774
1035.917969	-39.121559
1034.791016	65.816772
1033.664063	68.495178
1032.536133	-26.763477
1031.408203	52.490223
1030.280273	16.771889
1029.152344	36.320026
1028.023438	30.279299
1026.894531	30.545155
1025.765625	11.595942
1024.636719	-54.191792
1023.506836	22.301596
1022.376953	81.652336
1021.247070	60.152348
1020.116211	66.133194
1018.985352	8.286844
1017.854492	60.666676
1016.723633	42.842659
1015.591797	56.673714
1014.460938	57.587315
1013.328125	41.350178
1012.196289	56.711155
1011.063477	-6.544224
1009.930664	6.309368
1008.797852	27.441254
1007.665039	-10.916501
1006.531250	-43.080025
1005.397461	13.503969
1004.263672	-12.638123
1003.128906	-22.000204
1001.994141	-23.050615
1000.859375	53.998898
999.724609	80.127380
998.588867	23.670038
997.453125	-3.304779
996.317383	39.331890
995.181641	35.359158
994.044922	94.631371
992.908203	69.315727
991.771484	90.350296
990.633789	52.190495
989.496094	102.574387
988.358398	26.289526
987.220703	30.101515
986.082031	21.190510
984.943359	-8.859781
983.804688	7.408388
982.666016	-10.094049
981.526367	-36.060814
980.386719	-11.513370
979.247070	-41.753231
978.106445	1.665707
976.965820	13.475407
975.825195	4.223793
974.684570	39.139641
973.542969	25.666170
972.401367	92.096161
971.259766	82.831383
970.118164	126.123322
968.975586	62.263168
967.833008	48.872570
966.690430	6.120759
965.546875	15.916590
964.403320	27.852362
963.259766	69.214142
962.116211	83.339531
960.971680	70.253548
959.828125	84.506470
958.682617	96.732574
957.538086	62.921276
956.392578	39.693138
955.247070	79.425255
954.101563	37.549133
952.955078	16.735182
951.808594	0.212400
950.662109	-28.774555
949.515625	23.946711
948.368164	41.149937
947.220703	18.669458
946.073242	-30.926840
944.925781	9.453340
943.777344	28.958651
942.628906	40.134369
941.480469	19.997761
940.331055	-23.080235
939.181641	-30.620020
938.032227	-31.882483
936.882813	4.430205
935.732422	26.115669
934.582031	-6.463573
933.431641	-1.500614
932.280273	-32.014309
931.128906	-10.424856
929.977539	6.946706
928.826172	-0.742092
927.673828	31.103918
926.521484	2.471432
925.369141	-1.226604
924.216797	59.540985
923.063477	18.210094
921.910156	-19.028715
920.756836	8.146847
919.602539	-4.312334
918.448242	10.156267
917.293945	-2.526140
916.139648	-52.740040
914.984375	-17.866102
913.829102	-78.712486
912.673828	30.636154
911.517578	-11.806183
910.361328	18.270113
909.205078	29.483604
908.048828	-5.135098
906.891602	-33.698513
905.734375	-12.662189
904.577148	28.901556
903.419922	32.924625
902.261719	9.787502
901.103516	56.892010
899.945313	47.812973
898.786133	77.851845
897.626953	111.774872
896.467773	120.589958
895.307617	135.350800
894.148438	149.859131
892.988281	174.464767
891.827148	320.854706
890.666992	295.350037
889.505859	236.580704
888.344727	227.255753
887.182617	155.772232
886.021484	137.877426
884.859375	53.752659
883.697266	39.736755
882.534180	77.209648
881.371094	102.175217
880.208008	108.465202
879.044922	79.603722
877.880859	63.057014
876.716797	73.267349
875.552734	147.332718
874.387695	134.773651
873.223633	113.968842
872.057617	115.820236
870.892578	82.677254
869.726563	150.455292
868.560547	94.734077
867.394531	94.654045
866.228516	113.155045
865.061523	84.409920
863.894531	33.148197
862.727539	10.798418
861.559570	-7.316975
860.391602	50.742054
859.223633	47.282505
858.054688	11.113806
856.886719	90.135399
855.717773	21.480869
854.547852	98.784874
853.378906	157.798981
852.208984	190.336151
851.039063	204.636917
849.868164	249.939331
848.697266	195.030685
847.526367	290.050995
846.355469	280.812958
845.183594	329.246765
844.011719	322.677856
842.839844	345.114166
841.667969	374.029388
840.495117	476.973297
839.322266	504.533875
838.149414	376.995361
836.975586	442.172546
835.801758	356.404144
834.627930	369.183868
833.453125	304.661896
832.279297	330.426300
831.104492	325.874115
829.928711	164.388458
828.753906	138.044754
827.578125	138.543915
826.402344	137.277069
825.225586	42.416153
824.048828	27.400614
822.872070	22.818129
821.695313	-1.938077
820.517578	42.825367
819.339844	10.307913
818.162109	8.534578
816.984375	-3.271735
815.805664	-29.188444
814.626953	-22.396866
813.447266	-37.890789
812.268555	-16.662912
811.088867	-46.231380
809.909180	-8.605209
808.728516	-38.059052
807.547852	-81.704987
806.367188	31.188925
805.186523	-6.353269
804.004883	29.242954
802.823242	36.348190
801.641602	10.905514
800.458984	60.525017
799.276367	6.521426
798.093750	43.754898
796.911133	24.048838
795.727539	20.447714
794.543945	4.531400
793.360352	29.001196
792.175781	12.745084
790.991211	-23.964970
789.806641	-0.098848
788.622070	-12.930876
787.436523	-3.728298
786.250977	39.619488
785.065430	1.712625
783.878906	26.253696
782.692383	32.264179
781.505859	5.584166
780.319336	55.403736
779.131836	70.474350
777.944336	20.496307
776.755859	85.345772
775.568359	48.815811
774.379883	58.413681
773.190430	59.604900
772.001953	74.612442
770.812500	75.184921
769.623047	65.380714
768.433594	85.560944
767.243164	83.283867
766.052734	68.659866
764.862305	41.710144
763.670898	52.831886
762.479492	81.865517
761.288086	62.344227
760.096680	94.998108
758.904297	48.943245
757.711914	-21.405970
756.518555	26.844046
755.326172	-17.604168
754.132813	6.221375
752.939453	-4.260944
751.745117	-20.873703
750.550781	4.638384
749.356445	15.997445
748.162109	-53.064629
746.966797	-15.705905
745.771484	53.722645
744.576172	22.725039
743.379883	-0.245961
742.183594	26.954660
740.987305	-28.086283
739.791016	7.169807
738.593750	16.380402
737.396484	45.683460
736.198242	75.033966
735.000977	88.424156
733.802734	43.808353
732.603516	87.425774
731.405273	159.171188
730.206055	124.926605
729.006836	186.893066
727.806641	192.966660
726.607422	135.206207
725.407227	229.624481
724.206055	222.234528
723.005859	251.035110
721.804688	288.034119
720.603516	307.271301
719.401367	310.755463
718.199219	450.222626
716.997070	452.057587
715.794922	501.933014
714.591797	673.605469
713.388672	685.691101
712.185547	737.703552
710.981445	815.623413
709.777344	881.527405
708.573242	979.234680
707.368164	971.214417
706.164063	983.002441
704.958984	1153.947510
703.752930	1129.516602
702.546875	1220.328979
701.340820	1328.760132
700.134766	1247.859497
698.928711	1405.364502
697.721680	1303.939331
696.513672	1335.379639
695.306641	1426.022217
694.098633	1295.609253
692.890625	1299.868896
691.682617	1293.684937
690.473633	1239.300415
689.264648	1172.453735
688.055664	1162.583130
686.845703	1052.858032
685.635742	1019.871643
684.425781	898.928650
683.214844	810.997314
682.004883	779.823303
680.792969	690.362305
679.582031	617.939087
678.370117	596.160767
677.158203	504.167633
675.946289	385.533264
674.733398	353.052643
673.520508	244.374207
672.307617	265.271149
671.094727	267.272552
669.880859	149.493042
668.666992	74.110016
667.452148	66.733414
666.238281	20.613445
665.022461	30.508715
663.807617	-49.747601
662.591797	-8.891819
661.376953	10.882603
660.160156	-4.198413
658.944336	107.901588
657.727539	55.240532
656.510742	129.985184
655.292969	180.345779
654.075195	301.129852
652.857422	384.046265
651.639648	330.760956
650.420898	543.315613
649.202148	535.290833
647.983398	641.685120
646.763672	709.010742
645.543945	765.022400
644.324219	841.354736
643.104492	892.905029
641.883789	953.244263
640.663086	1109.040649
639.441406	1224.739746
638.220703	1225.900757
636.998047	1187.342407
635.776367	1213.398438
634.553711	1099.932983
633.332031	898.272705
632.108398	691.013733
630.885742	488.167206
629.662109	421.281158
628.438477	321.769440
627.213867	268.226532
625.989258	174.536575
624.764648	76.154930
623.540039	104.501366
622.314453	114.699448
621.088867	83.417923
619.863281	18.672104
618.636719	-18.671360
617.410156	53.696972
616.183594	65.655342
614.956055	-2.130776
613.728516	91.037933
612.500977	165.353790
611.273438	84.181236
610.044922	164.356613
608.816406	73.809235
607.586914	96.040421
606.357422	67.079643
605.127930	28.112259
603.898438	-24.600824
